88674
-97163
-66300
32311
76747
686
55793
49861
-14572
-83642
-1754
55028
54627
-56344
80822
80193
69531
73470
708
5571
37407
60779
-45375
-63108
77473
-84457
96822
-54595
37563
-48827
-7596
50620
-35900
82098
-27879
27940
59714
4344
-68483
-51086
-57179
-15206
29221
82791
31124
12583
-45065
-74183
-71214
51685
-86791
-1782
9156
-78957
72348
-39695
26915
-55301
47184
40700
45265
29628
-62674
84594
97082
-85823
-13479
59549
40378
88627
-28104
-38965
97930
-2461
15768
-71139
-1668
23759
31292
-90612
81835
-75483
99819
-32452
32505
26479
38731
-7750
76753
35120
-91068
-70105
30058
-34853
-29207
63514
32107
47094
98960
69822
612
-63464
74384
-19969
-66635
16652
14816
-27545
66104
-79645
-69706
14393
82524
-72920
60133
-52703
-18176
-62230
-80386
-95803
-16525
32610
-25887
70102
91632
-86432
-24144
-20068
-38167
1335
32101
29625
65312
1643
65468
-25384
-4865
-51526
71084
-60991
90127
83913
-73389
-48602
37291
21324
86240
-54377
61
86884
-16582
6077
-84303
-24372
-26013
-49723
81458
23885
92395
-34980
-46821
-69942
-33340
-82184
-63261
42320
82913
7
50683
17198
-36339
3365
-44874
27025
5175
70757
-60257
-79497
-23073
60417
-87614
-55011
-22166
74969
253
29057
-92215
-74467
-69772
-55586
86151
46078
83476
3861
28000
-4479
-39380
90492
-51424
-1428
95557
-67380
-89234
13017
77749
-17476
32483
5425
-1462
-30269
-97462
89866
-84783
-57851
62493
28372
-76165
66621
-17804
-65729
97257
27712
-76881
-39464
26365
-90706
-93571
-52201
38310
41841
-9993
20123
-96567
-4269
91755
10887
91328
23918
-85706
42731
-74736
89022
-3806
-41586
9559
-48572
-30241
-36559
-14434
-21375
6700
26898
-11625
65575
36894
42364
-70140
-62461
-73582
-2866
-98988
-89827
29866
63399
-50219
-34638
-51423
19480
17356
35636
79441
42997
-53753
-1927
41196
22391
-34542
-5183
79719
-32902
-99151
48945
-70552
56915
-30848
69953
-2410
42281
-57378
46183
-4271
-95699
-93879
-53665
22036
51447
-97808
-84739
-65344
-31648
-58502
17212
-23566
-82443
-70187
-62629
97786
-48132
-22503
66886
1269
45033
49841
9195
343
91262
-66865
2436
74135
-74093
-46631
26669
35587
91233
16294
65491
93060
-59263
-93516
-99789
26750
8255
-47785
5542
-40414
-22918
-63852
-73054
87108
80389
-27956
2229
-9687
1783
-81028
63303
84507
61114
72941
10254
-27631
24763
-75490
-97160
37075
51775
-61422
-9337
-86469
-82696
58786
42276
-87033
66545
-22656
-73732
-35854
9312
-66121
54491
-33304
18734
32180
1092
86206
-85838
19161
92693
37096
30016
-29802
-20156
77635
-7276
3597
48724
50135
-46284
88438
7368
-16022
-78815
-28249
-49986
-9723
-17944
-33558
-79514
1811
20615
-2804
3105
-76477
85976
-98600
81874
-39787
-76814
-90203
6197
-44209
-59178
-93983
-89619
-77130
90780
88229
-23684
16331
72452
-11421
-82985
35339
-2628
-45572
-42853
-32824
35083
-32978
-2037
-97195
-33624
42179
-57637
14871
-81069
69606
-67723
-74826
28194
33899
12074
46573
85599
80016
4808
75346
22304
-97185
17345
73092
-28649
-85747
-51015
-48253
-19209
31594
-9022
-4828
36689
-89916
-40221
-64675
-20886
-3745
34398
75401
64914
18282
97585
-69685
25743
-72210
-74456
-82073
-99303
-13393
98109
7713
34009
8563
91120
21187
-93508
73272
49485
16297
39602
-50658
21068
-91299
-6333
-12739
26716
45362
-52347
-34037
61658
65505
-41265
-86278
-27796
38301
68786
95342
-96726
35201
19475
-46432
67985
-87548
-39214
3159
-28838
-56444
-74778
-69913
5618
-64896
18023
-47487
45213
51383
-59324
86280
-95376
14941
-95468
-94571
73781
6824
-40124
6940
59137
-26266
-80564
35080
43717
72405
-36631
27706
-54562
-72481
20108
25475
51618
-76203
72905
-71464
22579
-90793
-63196
70316
-93404
-5029
-16537
-12486
18881
38878
-82118
-79088
-15997
-65104
-7290
-90753
65949
-98716
55587
-99343
-57897
-75071
-33250
-20507
-30981
42547
85305
-16281
-70497
69586
-86478
-14123
-75851
53966
17570
3150
-55554
50163
-70829
85412
-21300
89497
59362
-84164
-22151
-81483
96650
81835
6556
-57397
-6547
-33079
-37936
-4817
77576
-99309
-8756
31247
80400
57161
-83008
72773
36782
33629
6399
79731
-48594
-25018
-97042
-85310
30222
40761
-8838
-59585
-49270
-96721
97411
-22199
98465
8794
25637
90799
56761
54275
1747
40133
827
93062
88199
-90311
-76098
29238
-44533
12885
-84871
1606
-72189
11570
20643
-40539
-75915
-23448
85467
-47056
97312
-24202
-76857
71245
61130
45573
63627
-36706
82741
-84524
-77594
67828
17194
-75098
55056
69882
72840
-85457
-85028
-75854
19947
-87830
71155
47884
65615
-7396
34821
-67810
-2473
-76387
-67219
98394
-54894
98265
79781
-85321
80963
-54839
33216
83537
10417
-26644
83860
-6185
8175
26111
-3079
-76699
93480
35298
-93860
55451
-29099
71588
49567
49835
-26779
69515
-10075
-92723
58693
-18669
-16368
38133
59674
-82784
-44918
-8765
-54591
95204
-19046
-38627
72263
-45245
59371
34579
542
21067
66272
-47249
68277
-39926
-58939
87036
90127
-85428
39426
-7454
-57619
-18911
88426
82214
54820
93239
66502
-65720
29745
-89785
80610
66903
21839
-46167
-740
33944
8419
43984
-92350
-48351
-18661
93095
-75075
-15953
-89634
512
-49352
-60166
-36534
-17104
-40933
76778
15238
-9843
51239
43321
-39352
-25893
-10158
5813
116
24547
-31267
48820
38819
-95157
1375
-86787
-85278
84700
57020
-51399
63931
-64874
98645
-49329
98125
91017
-63039
-51284
33327
28844
61752
47004
-76080
-16504
97407
-52915
-21037
-72018
96127
-69855
-67496
6230
91535
-7056
-2171
53683
51435
-10639
15779
-1606
-75358
45308
-24488
45526
65288
98694
89563
-88356
-96409
8783
-61356
-35603
23635
77189
46363
-88379
40323
-51454
-68987
-28779
-2576
-25896
25395
-97761
3529
-83318
-64741
20241
85109
-61440
77158
-9268
13856
-80057
55785
-73465
-72329
-98271
65277
61052
66853
20628
64270
-27128
1984
-53355
26652
15789
83081
69046
-57248
-96840
59840
75161
8043
53204
93803
16937
-14386
-41802
81164
61516
-53350
94150
38445
-79205
-80508
15318
-47651
16916
-48032
43868
91490
-36219
80097
44674
-98136
-8124
59701
-74754
61783
18441
98972
-5038
-15831
78751
32871
89811
52465
-24921
-62397
68832
74836
26464
-52468
-23074
-59212
-53008
-43368
82680
-49370
-53542
-3582
22732
-46177
-51812
-45147
-4889
60462
-98733
21275
-23387
39110
-57093
28958
81260
-34902
-87449
-8322
68340
89071
56885
-61037
-1883
43017
64711
60301
-57215
-1999
54963
83043
94943
8398
-12396
33817
32620
33848
60631
-50689
96010
98455
91846
-32269
85390
67973
39882
-94605
-48843
-30671
-82626
71056
52192
11365
-7812
92023
56129
-83763
-91313
53853
-27
80350
-11433
74126
-69611
-3131
-19031
-58808
15412
40961
-14404
-24628
46276
-72109
64728
-9382
24573
77900
-78134
-79632
-59065
87206
-94195
69130
-41319
12413
-82476
-16040
-12838
56539
63714
-4054
15555
-42576
19241
-31959
13721
-27629
97223
45809
-66049
9928
45454
24497
-95590
76618
-45429
95494
-9942
46402
57500
-24297
48566
-39150
-6814
58807
-92702
-82676
73625
-21970
-43783
60979
23541
62403
-92350
51068
70249
61210
68880
-28973
-1453
42124
-85655
-90817
45072
1290
34727
70943
-27693
60961
75437
58448
-34652
88052
21475
-40837
-10579
9391
-63670
-26950
33531
26029
-45308
41215
-91417
-37063
95815
47031
-44569
87384
-28821
47499
6868
-67048
-74808
7128
-22440
95654
-35839
13095
37522
-11747
61575
92630
48991
-81706
-14615
64894
-93264
-66390
38852
-1306
-64608
42714
-31288
-96545
-49554
-24781
19522
-71543
99964
-71968
-32288
54429
76498
86371
74744
-78058
30411
-37819
-29459
-2136
-63134
4810
42044
-93917
-63494
-78245
62350
-61106
94835
67260
-8732
-13234
-32532
-32412
6541
94250
95894
-37886
53917
-7516
-62865
6046
-76732
56696
-26907
-33549
-72052
-82613
-79379
-80237
23098
-40063
-84445
-76574
4011
6657
96945
-83607
-16999
-41403
2439
25438
-89811
83244
89056
-9888
4253
-54075
31796
83808
89145
74316
-24930
-58931
-35094
87848
96527
47857
-62136
5089
-49655
86125
-28911
-4904
-89421
-73747
-33140
92395
46685
23642
10440
-39300
7423
27172
-31603
-28852
73475
18867
47022
80964
98767
-18787
28629
-66392
4514
-32499
22058
-55785
79219
-3551
54468
16162
10021
-64715
19039
88681
55120
-43548
30390
93053
-28372
-31980
-572
-59882
-71972
84990
4099
-66690
25255
33064
46777
-38408
47165
42126
41726
-26219
-4044
-32253
-6500
3971
13202
-43488
-45103
93832
-25876
-12198
-99237
35347
3721
3276
65400
56917
-79536
72151
-35573
-39628
-27887
17660
74110
25501
1495
16233
-87097
31877
-84113
-24652
-33993
-72911
25704
-3086
24355
19020
55680
62801
-98320
83115
-7766
72466
41531
79880
31379
30923
-41952
-93528
-54576
55575
-64711
-83743
48531
44070
24159
-76469
-80088
-85901
-50914
-91402
-24527
-65278
39572
-23184
90517
41268
19465
11121
72071
-44207
55539
8588
-65013
-51888
72689
-18862
47518
-90294
-36363
-47475
-39690
-17095
80916
-83431
-64682
32918
-29271
-54312
21038
69438
-66444
37988
-18340
-66390
32782
-55739
47864
99596
32183
65846
-41950
-11095
-64067
-71767
21289
2387
88110
-37874
31811
34143
-82862
39752
71190
-6449
79368
-38016
-71129
-81107
98076
2391
-21875
-86608
6607
-65624
-31614
50894
71827
13104
43512
58436
52933
23902
90520
-28779
-36459
9013
13337
-87279
63654
-39019
-77325
50698
-10764
-16985
83793
-485
86289
62216
-73651
36576
-94173
-21854
54160
46501
45006
-1849
-43502
-83543
26240
-81910
-10139
-47698
-44360
55848
-79431
25096
9459
-99725
27500
-91236
37779
-22612
59557
43918
-48353
16625
-72234
-35752
43562
-18677
-68660
-54732
-10613
-75692
-60459
-35890
-40472
54426
-74031
-65565
-74935
-38583
-89003
-67484
-63254
-85073
56931
-31403
-26491
39971
-41053
92231
42519
45549
-9284
-69466
78363
59755
55488
-13708
-58885
34526
-73017
98641
-69095
77513
-35986
80843
-91960
-53467
80973
37788
14682
70576
34365
6022
-60358
-48906
88350
-45984
46403
21472
-17703
51973
-81104
68307
-59646
32234
-8809
6011
-87295
-39437
-81042
-32470
56331
-48058
84985
-14699
24533
-46308
-42439
-53191
-10317
-20877
7890
-2719
-73140
-81478
-35685
-93954
20115
-48080
90111
-1636
-95042
25580
56003
-30657
-48394
63839
-80262
51376
-34981
96968
25510
90159
86855
57719
-91538
-63449
35838
56591
53282
-94250
55005
43623
22978
62293
5553
23158
-87561
17791
57111
32862
65893
79693
82114
-87381
98644
29892
-70150
54993
-21001
18076
83106
-84168
80035
-87107
40093
99701
-37211
-13541
-62508
90776
24696
39097
-27968
82296
30345
-56339
29008
-99760
-55540
74763
-1202
-49391
-75326
-60510
-39840
-25127
99778
11597
2145
87798
-89152
65556
-73362
-16546
33424
64707
-87446
4925
-15517
42283
-86939
63260
-45736
73533
40506
77761
-47404
-96623
83833
32261
13105
-72455
-73781
48598
55297
-68762
4447
-93414
-48710
65605
-91987
-61678
53106
28212
78023
75773
19352
-50844
23328
-55430
98720
32197
16529
-43158
61406
-44467
69084
43638
35914
31706
-18234
-80189
-60216
-64341
-71656
-15441
54015
52690
88873
5457
-60464
54899
50363
42108
-93531
-14002
-98735
-19389
93028
-30882
-2275
22881
-8328
-21183
-17535
36471
95514
87393
-55202
-54183
12355
91894
-22827
-10435
-82944
15605
38442
-16954
-65300
-55838
29813
-27080
49297
26672
7605
99025
55522
29263
73588
-41160
67910
-24641
-46716
-79773
-65846
59917
41263
50711
71468
-94947
1686
4785
92932
59001
-23482
-64079
13292
-19082
56312
-79230
25320
85310
52061
32778
57384
30758
-68820
38043
24091
-18460
5400
68550
-10777
-49216
-79148
77804
52800
-46690
15268
38543
29652
-63365
-82036
-30173
-42553
-90636
-86548
66685
7765
-79877
-72434
17830
49031
32472
3922
-94951
-59137
61578
-59375
39143
57978
8880
73505
-14296
-50208
-42030
-92912
20364
-82001
42360
76276
-59335
-1568
71248
59340
72333
-99760
-47050
-22330
-84445
28336
-13392
-99968
18325
87055
63424
31061
4519
71875
76650
14834
10288
33687
-12422
15878
-31928
71477
69096
72320
-7692
-18572
81924
53459
90569
18632
94232
55257
-36192
4208
-18402
33285
-13844
-2485
30144
-18080
-55678
-71208
-6720
81232
74251
14853
3034
-27627
-95672
-20258
47394
-15399
66206
-64315
48881
-55869
-89490
-64818
-64792
-61190
67750
62812
6694
10444
-10959
-34638
-35429
88581
98069
54824
-91355
74699
-53255
47572
88643
291
4823
-5525
-26265
69917
-59524
34403
-65957
11104
31949
-22257
-41202
38431
-78217
-99734
-16114
36135
21274
77821
-68231
-16138
-87443
97691
68801
45952
-69645
-73678
-11748
-28239
-19577
-77070
93531
-45761
53316
67300
-3758
53283
-34122
-47465
57371
9840
17315
-91132
-11785
-35970
85311
10344
-136
61015
-43610
-6619
-45810
-7173
-2211
-61532
-10627
-91441
-37196
-91542
82026
99275
96074
-5074
11588
-53771
19044
-84275
-94002
-36620
-90310
-32159
-29394
12855
-7072
5194
40007
-43049
-65676
29864
15508
81632
-61643
-90313
71100
85938
-11168
59774
95944
70156
-40541
77976
44713
84239
5724
41555
30079
34611
45192
-85253
-35197
44979
-36443
-89183
-90997
-65104
98355
22547
72448
44786
-81521
88027
-71625
-77812
-53105
89596
79844
-56240
97350
-27087
88954
51081
25709
23933
41395
31577
6871
20428
32690
47647
-59912
-33744
-56022
90280
-5725
78049
-52070
-80426
-36173
-88656
91740
6407
-36073
-41406
-76519
67478
2448
-89086
-8681
34740
-44667
-66514
92299
-93047
70596
70079
69981
9284
22295
58443
46386
19651
92356
45239
77551
58421
-57086
38375
83323
65631
31542
12009
-78497
54195
30348
71373
-64396
33467
-11631
19256
76796
59265
27382
35216
-28439
66179
-69576
-16492
-48740
97251
65861
-18989
13629
-42085
-53473
-66819
-7527
-57879
32341
45516
-44172
-88871
56674
-734
63552
42962
-35859
14994
-83162
-35636
87144
-8121
52224
25602
-82948
-80427
91050
91344
-80897
59584
-87962
52183
89954
78547
-8960
-88417
70385
860
-45132
50484
63036
-74526
-54362
-22570
-89612
-16470
37648
33554
14100
-32189
-23558
-87157
-3165
25884
-55952
-51954
68313
-22471
-64201
-1897
-36488
-40276
19220
93628
78719
-75460
-27947
-30961
-88628
82440
63204
99157
45912
-64447
84259
86331
91902
-16659
-41562
-18960
-61943
-51306
16197
-88124
28892
74913
-19251
60197
-68306
63117
-13780
79280
-58275
33453
-37862
-97160
14639
44876
86750
28743
-15106
-89746
-8128
45292
-82134
27287
40198
45205
-67992
-63157
-33134
-85119
-82633
95917
94495
62839
55461
-75600
89080
29401
-53259
-35220
-68895
14956
-55491
89241
-61460
84969
-62148
87443
98596
-10758
23092
26520
-44418
92594
-62925
14991
57597
40675
-5930
30428
36546
-61955
2035
78185
38025
30769
26085
-5100
31269
-35069
72175
-18327
25825
-67294
80056
-59910
63251
20609
59366
84297
18935
19803
64312
38377
56547
44141
-58698
-48875
-83273
-19222
-94338
-4250
-62012
37694
-4083
31494
-16520
-87661
53755
-63122
96767
61391
-35951
27476
29470
64012
46667
92346
-88146
27159
-58517
65188
74589
91069
88624
81192
-60498
-8476
64389
84209
-2978
71182
-71913
-37217
43884
-28809
-70310
40350
47040
-85405
-54878
-86655
-45596
48752
94177
-22286
24676
36507
93666
-11954
79744
-4201
94627
-91334
-97262
-41483
-34941
-57501
-5121
23154
54903
-147
22964
66638
52891
-12048
8733
43051
-58646
-17648
9556
-70629
-51479
92496
-53948
80941
3636
-2223
15886
-64583
-47510
90684
4480
-31421
-36248
33086
72547
6692
59238
-34465
15697
-99560
24964
-98659
-64655
-7023
-47309
-32276
25825
-51627
-38156
62461
-81014
78403
46792
66761
-5158
-56459
45738
-49448
47402
-82082
-15747
93180
-46393
49025
73160
-8531
-80598
96680
-70681
-13781
-72277
39433
8596
-16920
-58284
87840
57258
83497
55633
-99258
-34889
-53796
71798
-73645
-47918
79808
95144
-42776
96718
-6340
81936
64425
91435
85089
13593
-96303
7499
84000
31830
-21267
-36753
17041
46834
63912
-91868
10707
73094
-43048
-98070
-19333
-37784
-44422
30058
-5900
47136
-57847
83751
-55419
61532
-96105
58314
-45250
-86102
46653
-66696
-11421
61588
-59182
-59499
-95535
-22944
18235
-95376
-5508
79670
86104
53428
44301
76982
70412
63412
-11034
-11285
42016
96161
79578
-35589
89470
-13233
73317
-25912
13631
-36573
54097
76554
-48317
-67837
68666
76539
-16358
-55721
-50118
-3713
27408
-9587
47847
67159
6750
-45952
-18635
68162
-26052
81048
-15688
65807
-15235
-34734
4949
-19468
-82505
90185
-27049
-96773
84867
-6376
-8040
-32804
6698
52902
-87621
27117
43690
16393
61507
-83071
54622
86084
-32734
-57032
5136
-66221
-87280
90080
-20404
-41918
-42744
-13636
-58178
39318
-75304
16200
-32489
-333
79087
86433
-411
59253
87445
-57049
-7417
-26585
74072
89268
45016
-36700
61945
25744
88877
9761
77654
-62067
71695
72658
-28686
57885
2349
97008
89116
89176
-77000
78989
35168
45548
-86078
37209
-85072
-55874
-60885
99465
-67659
30972
-81066
-67091
1754
10819
93627
80280
-2711
94932
30265
-97472
32099
-22205
-38208
-25369
-17825
-5937
19121
-46585
-63
38786
89432
99808
33415
-66906
-8654
82664
-37160
-88484
24540
63964
-63605
-40245
-46839
33852
-95830
88575
3665
95353
-62244
18168
92543
23316
-92616
45127
-74013
-20602
14859
-38577
-54789
30558
9685
-8041
64144
4692
-86587
27411
80219
45637
-65130
-14260
-85149
-34896
-68890
53708
-22131
-19937
-68457
-47553
-7305
47000
61597
-99051
36062
29508
-12493
-76699
64034
6059
18993
87051
-51789
24855
46222
-60560
56125
-42020
92918
61452
-68499
49795
-4659
7009
-28496
-77501
-20285
-15253
20909
18303
57772
-91991
54504
-47364
-3340
-25568
-41681
-54424
17175
58473
-4684
92596
28167
-48461
-43149
17258
53283
32431
-21374
-40771
74261
-87828
320
-56400
94916
-15859
-76666
17861
24594
50679
95449
68463
-37529
1453
-2395
81485
32514
88849
-27762
-34238
35508
55982
-57044
30892
45963
-8281
31552
-81058
53683
75682
18481
99512
-35093
16109
56469
-26813
30240
-47436
-51219
-99195
-3842
60419
80366
46635
-62242
97380
23196
63631
-90797
40128
23407
82897
80284
-78415
35575
88985
7155
-39593
-74150
7049
97888
5238
-78886
-95627
62780
-82134
15986
60406
43669
12830
-23850
1271
-68801
92341
-75200
-59753
-57233
-55921
-72292
4670
8894
23750
-67831
-70422
-41897
-91543
-73176
-31143
95373
-48171
-61825
-41057
41057
90696
-65811
-52279
33092
56649
-38614
-29280
-76165
41773
-93993
-6783
-85175
-82904
-97122
41900
-69313
4262
12831
24174
14513
61404
5749
-98683
-14032
-26144
-47902
29155
-75578
-60623
-6043
-47795
-57558
-50374
5523
-16097
-1996
79987
-68709
72542
-73881
66321
-35323
-83211
-71067
-15507
-40440
-98619
16375
93055
6899
62529
-54573
61241
-79286
-13154
98648
43290
-29091
-85601
-28220
81805
-78977
-60239
86620
45556
37173
13600
-63799
-96016
8688
81055
64412
-78068
-48532
13353
15694
11412
-42869
47028
14492
-72330
23593
76047
2866
-60566
-38689
42045
-90878
-2362
53635
44721
65340
33432
30694
-78688
7495
85268
68521
-93732
-71028
-72549
-41087
-28473
-40113
39826
-88783
-25777
5728
-50020
18551
-37452
18392
-77364
77206
89130
-82051
37696
34294
-3317
-10694
51609
64133
-591
33128
-37979
-68724
-33329
-8368
38217
-11397
-13548
71988
-41610
-28882
-14624
-37518
-77500
68187
-77050
-4336
-23360
11779
-8605
-87825
-61573
49225
93883
44276
-44101
-31073
-4484
26485
68629
-14997
68433
-67864
5460
57287
-4906
47730
17817
88712
81505
73033
13956
34402
66959
88573
16247
91799
-83804
76690
63139
61694
38462
-79328
59665
-36156
15859
-37579
29729
1939
-65882
78088
-69067
23855
51246
-78714
-34044
-42024
-21449
-14672
42545
73931
17150
18155
-36915
50311
-71465
62971
31666
59351
-2273
12368
73228
48293
-46811
-6492
-48474
-89959
-64194
-35083
-71039
-76447
-44411
-26815
55270
-94136
59801
94633
-80543
-89257
67991
14091
2684
31209
14971
-68515
89940
60596
-95096
-66623
27288
-66345
63223
-80320
-11989
-19356
-22966
30326
62525
-14739
-83376
-93373
49841
47230
23718
-71398
-42223
45467
2173
95228
60773
-21957
-73340
11296
-50273
80233
1524
-45426
-97580
-22185
-39132
-49632
-29130
-12961
-47166
38616
16655
77044
35842
19887
-96301
53714
44681
-10710
51134
25111
-22462
-27514
-75233
-45264
63818
-46654
-18620
14898
36149
6753
20309
97944
-27731
-88944
-46027
-19078
85950
-46345
-31428
64059
21158
87537
-79799
-13501
-3476
77064
38293
7758
-41560
45230
43454
-90429
-62896
7588
60317
57813
58218
-21736
-66612
57374
-8379
2673
17541
19134
14371
46536
54109
-85539
93932
18988
53581
57176
5225
75670
38680
185
-45325
97225
12763
34207
-97455
25574
27735
-27470
6486
96137
-27788
21346
60704
68678
-29951
-62607
-63795
-66360
-81679
96151
-28484
-51807
-36029
-42575
-8376
92437
-69858
-85570
7345
-95421
-64603
35023
-32166
-28535
-18209
-32338
-20096
33961
5672
-35616
-68105
-22050
-78603
11842
47147
11105
99107
-45052
-43898
88718
-38751
83333
-8162
44976
25601
34367
34402
81292
-38604
53452
-51203
-24529
-15825
80791
37313
63179
-97142
-42969
52165
2020
74497
-5745
71631
9425
2394
85284
-20690
-24034
14851
-64842
-86253
-36242
18337
14097
36093
26006
64835
-85452
-36508
7949
93572
-2567
23
98090
-15091
90125
4816
74397
-22953
6107
70304
63317
-78774
30984
-24026
76041
18270
-14136
28092
-3376
49773
-46414
6647
41617
-88911
-70649
-35211
77389
59641
8148
-46092
54517
-3762
81357
-74025
-34360
46810
-22864
73402
77411
932
14728
-32424
-14678
75715
18410
76090
85429
74356
-59471
85527
-91421
-67616
-89306
60831
35784
-3987
23584
32145
-30160
3260
-39305
83553
42992
-5039
27321
-92018
-19180
-69994
30632
-28529
-31107
-98907
-77487
-38215
-7371
66957
76634
-3004
29307
-81190
-659
1304
66298
-79060
2251
44427
81090
45347
30971
-16738
91144
-80064
-9522
81201
90180
41407
-20549
-42763
-74181
96200
23043
62454
-7452
-26065
37340
-49012
-90651
-60680
34217
-11960
-13633
24148
-48805
669
2495
-82351
29669
82644
-4515
54939
-48156
-3160
-32211
95214
-74133
-9882
49222
65959
79182
75180
29561
88582
9983
-10979
86903
-86218
-1577
-46893
-45674
15084
-46150
-48019
-35197
91633
31064
-79464
37746
-76534
-40022
-19329
9731
97063
-85653
-89425
-62088
-88784
-6088
-25277
-53440
50013
29039
-56455
65753
-76727
31495
41102
-15223
-87457
-34835
-84411
-94925
80654
-82754
69243
83798
-13310
-33883
9221
-59763
62973
-73597
-54652
40943
98065
-68847
56494
-12202
-26765
-13664
-55371
92642
-87474
-34499
45903
76593
3135
-61851
5784
-14655
43147
38883
-76206
23908
-44555
-76741
-61238
-18221
-87939
-53908
71637
49131
-82353
-90766
41687
48159
78084
27817
39389
-89365
69056
-33767
70362
89566
26796
-19308
32069
-41906
-88877
50939
7253
9424
77316
-12215
-88957
87302
-91167
-80820
-95558
-57408
35785
-19494
47541
-90420
-32406
16574
77675
5112
-57696
-94122
-58710
19648
97023
-16624
10992
-18142
33690
-36386
98056
-91603
-54590
51931
65778
-92268
22089
70552
53833
50152
1105
66424
84777
19380
4292
91987
-15982
-33874
29781
-67966
7041
50380
79260
-52683
53698
-14448
87302
-97491
81774
16615
4120
76544
81374
-86303
23669
-41667
73250
-80062
-19497
29879
-79749
67260
967
-50289
-51628
-11091
-47058
26140
62843
-76477
-2024
-15817
89608
71257
-88505
-95968
96540
91856
-57157
72511
86087
34580
20943
68573
60868
-72085
-29577
95621
-7560
-17997
-5626
99453
91479
28208
94788
-8416
95807
40419
30721
24063
-88111
2393
-32779
-72122
-54098
80311
-10287
7230
66398
79386
-45563
-459
-52242
62439
52145
-97446
34919
65933
84816
-6232
-83823
92939
77038
80298
-57083
-18433
66217
-68444
50201
-27673
33950
-29355
94130
76098
39823
91278
51040
85951
-18500
12951
-67300
64427
-61144
72403
73917
-24981
70868
-57420
71485
-2402
-76691
-57529
45855
-3086
-64537
79319
97486
-29528
99035
27235
-97874
43407
60195
70065
-52953
-42339
93842
-52222
41405
2962
32434
56646
-25130
-57061
56537
4410
-9750
-74342
-74707
80940
95054
14960
22478
30452
42955
-85567
75895
42721
36266
80842
-97995
-14477
7584
2344
26038
13442
-69211
80926
-97047
-54550
-672
1462
73481
-86082
-94182
58879
-46098
-61898
33030
127
-82896
-38683
53877
10826
-66323
71253
-26344
-28783
-84455
-67913
-62096
95122
-69550
-71463
-32996
-34738
-61582
-31099
-5701
11195
76624
94909
-14456
-38117
74694
-14825
61188
-85949
-75320
-17821
52764
-54012
-38035
-87663
26112
5239
57264
55636
-50302
-17505
-82088
89380
-16834
-92701
85703
-94926
-24061
82908
-98316
70854
-10280
-24170
-32135
-67944
-63805
-20955
84237
-36429
13859
2261
83210
90554
-95726
64435
-71106
67617
56537
-96032
-90373
-6927
-64265
72426
47144
94363
-29231
87961
-39677
-10080
-5369
-73485
29357
69695
-57270
-69342
59733
46641
18996
-11068
-52995
-69926
-82865
-11153
-13339
34311
97467
17289
-95221
69668
36409
-35775
45103
66034
77039
24363
-92879
10204
74635
52665
-1325
84450
-70356
87835
29297
-92938
93285
84215
53973
-81434
56284
-39746
99797
25738
47164
-65359
-94745
57500
90594
-68767
-31377
-59428
48332
9312
-40185
-10557
80403
56093
18853
-62986
-90782
-50128
-87476
22657
9598
41149
-14555
87749
88933
80332
-31060
18326
-48995
3366
8288
-28109
98492
-22328
-71123
67452
-57650
-11125
-7159
85061
-82313
60384
-24025
-2165
49672
47556
50013
93840
88965
-72817
-73219
-50989
37158
28697
3493
42114
87106
-3400
41761
-40929
76582
92904
-85155
-25861
-34627
-45072
86879
-5414
-5900
-15292
-22365
38489
43119
89243
-63927
-98134
-70037
98279
-8120
-2092
18922
-61723
-22478
-36409
-68456
41079
-89799
-48415
52342
87896
56588
76352
28582
-18118
96970
64931
11823
-27108
-280
-57083
-66882
-4363
8563
-22783
-36537
-9220
-23471
78960
49351
19508
-66467
48758
-59064
29754
98367
-28883
50131
14024
-34051
57213
1042
73095
-55358
-83622
30876
90898
-65677
84514
-83473
-44432
6139
-21751
8843
-56270
-61167
46574
66159
72946
53517
-27038
97720
52712
-70801
-45153
74854
-26923
-58493
-85325
39741
-68440
55428
-1378
77855
-21521
68066
-94115
99110
95318
-62706
2037
85380
25301
-50327
-16097
41648
-20872
51972
-45489
-65952
70788
-12921
-66081
917
-90336
37885
19618
-12958
58485
89428
-4594
-89194
79505
-34946
-38288
-15860
-28212
-21515
-46579
-11961
-67847
33260
-48873
-76106
-28226
-89845
27142
-56100
31129
-63848
84986
50525
-8802
42340
-27699
-71875
-81095
-60629
14151
-18418
-63634
97919
63512
97962
-10702
-74045
14650
44863
40307
-81141
-89314
4042
83600
18707
-53532
-76900
-46689
-51417
-11243
2903
39674
-59730
39592
-47830
-53812
-60912
23125
-14364
-35232
-84480
-58765
46098
-25516
-12144
-5475
37919
-13816
31037
24985
5594
-85451
-11011
51255
71819
-12586
-1935
-59988
12226
-20845
82770
59387
-63537
-98507
92802
-57328
60031
-16875
-94641
92463
-30651
89798
93339
-81342
-63526
27882
-51784
26938
-91946
-84400
35795
16299
96755
-95727
-92200
-94546
89211
46660
10019
61116
-2583
-62446
-85690
-59664
-49499
81754
33948
-40352
-49708
34520
64922
84884
-58364
26157
-56570
-6286
63733
3828
-22696
-35923
50935
96070
-55545
64287
-85962
-43127
27711
-28455
-36573
97063
50561
25040
-53979
-6038
99362
54979
70392
-58593
84575
3432
-64921
40993
83306
-29926
75933
-56024
78016
36131
3172
59999
-35242
-8343
58645
-40117
-85818
-36785
-93161
96943
-79691
70462
72264
-36269
3304
-31208
-38598
49557
-68177
-63199
-62659
78269
78354
-12728
-2554
60873
14260
71598
-53920
52196
-5698
55728
-75700
-52136
-57269
-92118
77048
-52597
80650
-25245
31589
59310
14644
-65010
-42179
-86035
-88280
2230
-74654
48143
-1701
94410
-87718
41811
-51292
-1120
44746
50237
-42300
74310
-83452
87204
78578
-1147
-12575
58830
43957
-17880
-19160
29377
-47635
-62557
-37919
-2203
-33387
-32113
7328
-69518
17008
57132
28139
-59752
-9945
20762
-13055
-86933
30707
73255
-70143
95440
37096
56408
58462
93508
71220
-35146
-92925
-48541
66554
16109
-34563
30960
20038
-68837
-60474
52232
33101
-76661
86117
-79769
67034
-63635
-89852
-15881
-34227
78018
-27517
-26769
65661
-57153
-89992
57395
19191
74512
65348
-26367
-51341
21857
-96768
-89715
31907
50070
80441
-45006
82697
73429
96876
57803
53084
62705
28554
-31328
61317
-80663
-49233
27428
-6932
-9116
-99790
-87863
-5063
-1868
68674
23860
-70733
-95394
-4731
22668
45609
14821
-42
-47312
-68036
12557
84003
22686
-41887
-95584
98588
-19420
-2585
46935
42434
85229
64950
2470
14920
-43574
-52036
71953
-22983
48393
30917
-48852
-85147
14186
49588
-80873
-18928
-39352
-25668
-3211
-27164
-36562
-97664
-57220
66525
949
71305
-35465
45297
-3837
75668
-26614
-23988
56068
43386
-41478
-91888
95810
-58440
22300
-47687
-16552
-3424
27031
-55230
60655
-49050
-78726
41780
49661
34416
-65645
-41298
-46179
-73827
87493
-64392
49441
-65443
51168
-3191
-15158
46116
-61479
33868
-5171
-98682
-23221
-8765
-10000
-48466
57398
-2503
526
-23724
16645
17383
-36276
-63148
63894
4850
-61691
74186
95820
30198
-11936
-34564
-24917
-79893
-70146
68412
18541
-92686
53071
-21305
97778
56695
-363
40475
-48267
61558
51318
17960
-24496
79040
2420
-33609
21065
81033
6818
77869
-69992
-8318
-47469
-40349
-47691
36707
-16830
42481
74271
-20346
91965
-44813
-68431
-61489
35639
37462
65912
-55587
93346
68168
-35842
-27603
-84299
-73909
74057
-96749
44922
-63701
80807
-29987
69451
66137
-38385
-37591
8517
-42760
20044
14408
50080
-73276
-12803
32118
-71486
15775
-54748
-6006
-71931
-35931
91280
50625
-28691
30003
88087
35229
46112
-18814
-64442
51897
7364
-88943
-77638
-92904
17762
-70134
31711
85306
-28079
-99576
-20340
41272
-15117
78355
89568
57848
-81445
-12641
51646
81797
-13872
30510
-69007
40606
12529
97965
-62538
69896
30742
-72980
-37262
90991
-98862
98143
-95651
98432
-62752
10507
50393
-30970
41645
-31561
-42442
90123
-27959
73757
99985
-98092
15785
-16490
-96744
36230
-39762
50179
-40382
17433
12057
-28797
73453
25968
-32237
-33739
-29133
34752
-36309
73523
81379
88251
56426
-30557
-16195
60477
-12144
-79235
-21692
-27194
-84393
53294
85866
-26306
33535
21489
2760
-50152
-18632
-56431
-86447
76496
26800
27729
94790
-35893
14516
-38402
26045
-51056
-18063
-18423
33549
-18798
63665
61859
94552
-47788
66851
84520
-64266
-50086
2176
62040
-26983
-32482
-98714
-28876
-66271
-34704
-54462
92532
15690
10514
-85840
91514
-83655
86151
-20291
-4176
74677
70979
-59471
43835
-71338
-49539
60316
-79257
-73407
44521
77359
18072
22701
29701
-32834
5174
40440
18339
33665
-89791
20563
13333
37252
13100
84501
50166
32884
-69609
-36106
83641
23800
84875
6586
-45936
-4284
-96589
-83221
93150
949
92475
-56201
-9547
62227
-10986
-33071
-5049
-50589
-81882
63405
3609
53981
-96604
-46000
-89204
20627
84545
51715
-56678
-40629
27957
41656
35023
43883
410
89950
-55095
22478
8669
84140
96216
-43075
28546
11822
-56109
-86394
-10368
-96447
32642
-3829
-5131
-69972
57891
59594
-4340
-39194
40489
69479
-55113
-62357
-54756
-43695
2079
51735
34241
50711
-60091
84322
43260
-70261
91156
-62762
-34257
47892
-75515
-93090
-98747
-5325
-99917
30435
-79447
-56366
51701
56554
74358
-24625
-6780
-37716
-53420
-35695
22720
5697
-46499
-60505
11729
76464
44774
-2601
62817
-75402
83463
-32836
25099
41229
55537
2395
44407
-24998
-94085
23231
-34651
-86010
14960
-92060
70815
-1240
-1095
-44908
-31311
49770
95736
6040
46629
-41636
92642
8273
22295
-64400
-12047
29365
30346
-16484
37616
91668
-97626
-71298
-23186
89911
41838
-42537
-88670
88866
29088
-83844
-45808
36850
-77151
-42912
93925
-11348
41028
27470
-31719
-4433
-54349
-55184
-23280
-28468
-70430
-65841
68273
-8674
-86730
54828
58628
257
24498
97907
83205
95982
-87474
82735
-1892
-53586
41156
2771
-52014
71308
-50544
-20941
72216
64626
171
10932
87898
44920
20959
-22499
-73190
83808
83421
-15723
-7114
-34152
-86149
-34024
-22509
-31146
-59760
5871
-50472
-2602
92830
-13417
-62393
-26218
-27939
-41619
36283
85695
78946
53259
-47494
38282
23130
84226
56566
-67012
54977
-69833
39952
-99773
23679
-82273
-18624
-9956
18786
92813
-58034
-48644
-70171
-41327
41256
89056
27579
-24294
-34266
-70213
-57471
69954
40621
-10299
-98645
-39066
-45970
-54278
-84978
-68748
-4697
39288
60934
-43081
-85803
82294
37779
-56746
54427
57058
-84956
21437
-93256
-60837
18579
-96236
4098
77243
69684
-42224
-27801
14496
27064
69874
-77215
-1915
86831
-13278
80025
36039
-83618
42874
95091
-12038
-81655
-85037
51193
6137
94261
70081
97886
16891
-94035
9500
-63274
3672
-16225
-4952
-60820
-54080
30579
76849
-68706
8984
80438
51841
48022
80769
52238
93339
3473
-48580
-3184
79323
-90693
77987
89984
-66062
57726
-29718
-76079
-87948
15240
-66418
96742
24510
-47165
-81119
-10493
-33825
91898
87768
89106
70564
-70585
-17011
83023
70418
-80663
2219
-58725
-18809
42680
-5218
-30864
96508
-81566
-38145
9506
83875
34876
-89721
-25667
-9068
94455
44999
77814
-7398
5943
80456
-46238
-30964
67109
97727
-444
-48787
-1501
19077
71434
-99697
96924
76286
57338
40864
54122
-43555
-86444
-72417
99339
3255
35228
-48534
-20786
12157
-2919
60935
-60233
50553
-68343
7223
-4225
95948
-64947
13493
-37493
-11900
73677
20485
65035
15000
60619
-54334
77967
-71371
-81327
28862
-23776
-21410
85638
-56567
79210
41113
-81255
59496
80626
40286
-92861
-83044
-2220
2017
-6229
-11558
-2017
-89769
88887
52030
-33784
-84170
96986
-99515
49509
-582
21314
-67099
22684
4190
36357
-68773
-77419
67242
44062
-61355
51243
17395
-47594
-87900
-24526
-65063
-92774
84860
94626
-71154
-31670
-50559
-22416
66530
14913
3258
69342
-88496
18969
-96389
63519
-2499
82361
-81091
61878
64136
58495
42371
-45357
-15230
34031
84706
-55320
-92232
-72954
90659
-84614
80653
-41186
-13028
52732
41366
-24110
32258
-56234
58400
83413
63844
-9484
-72396
24775
-1964
-6616
-45537
-43506
-72857
-72683
33246
79832
80508
5689
55326
-46073
7422
-20947
-14614
-37627
-84494
94453
-15939
92330
34420
83484
20887
74431
-91432
-48730
-97207
-6253
38379
88968
81316
-69400
-13478
-44884
49958
21987
-64344
18122
16547
-83063
78704
-59712
-9432
76312
-15975
98611
-31981
-68946
64209
-63883
16509
-66513
-82547
-25060
78259
5550
-9191
25696
62454
35106
-26893
-46806
60048
8445
1381
68848
64654
66845
-61635
-26466
-75391
3742
-97001
82132
22498
-43049
-22542
-11952
37448
17398
50102
84396
-31080
-73093
2079
-34123
13759
-61899
89585
8215
-10806
-94661
-21660
13750
66438
-52939
-85199
3430
-69458
93898
81305
-71669
51870
42626
17675
73118
-73941
-45745
80833
17435
94305
-27063
-50683
-61634
-7237
-71058
39967
46944
-87771
-2778
67245
-70854
-49582
79504
-67175
-98280
31601
-95228
-65289
12493
394
-54997
391
-56553
52949
-25922
97533
8989
-30469
-33043
-85952
-72863
48986
-81383
-5155
26983
-21962
53692
-20548
-55591
54987
67798
74120
-2817
99791
68982
-81885
17602
-4745
-23001
7593
-59982
-41274
97825
57047
63169
-27448
45633
-3102
19034