69212
-79247
-1752
72426
95421
-78175
15066
-85344
-30003
19566
72140
21063
-37594
76096
39508
41880
63921
-42851
8315
-78841
29247
-86655
-12895
12879
-27214
88803
-57230
-26774
-38200
62255
-95050
-9696
80703
56295
-87975
-90574
25740
58811
-73878
92760
-18286
-25804
77823
58007
-57228
35257
20914
-71409
72693
-23097
-47147
-90910
72234
43451
71405
-16014
-40178
-61561
14057
-40419
57434
-24085
79445
-34194
54476
-91237
15584
-31519
-57156
83098
82147
50109
75064
47201
52796
45242
-91660
-92802
20266
9586
-75600
-5013
-88279
30567
-26743
75552
-55996
13407
-81348
-6328
-30998
97150
-51569
-71936
53588
14384
-51282
-9148
-40520
28628
40437
97481
-78235
-42368
-42531
33395
47153
-91785
-29935
-51437
-33338
72847
-92257
-46513
-10815
-185
-6605
-39833
-5715
16117
-31811
53614
82604
-13882
-88821
46076
92646
-51313
-2761
96647
-85951
51393
5503
-93745
-72657
-47143
67975
77879
25095
58881
13893
91758
32597
-87551
34315
24614
8750
-48687
70165
27161
-30228
6184
50097
24236
44826
76274
60556
37592
23880
9214
58865
-56068
92867
-12750
15600
-96054
-23200
-98475
94577
49014
53580
-73915
-32874
-51037
45675
-47994
81470
-80545
-94670
-25827
-26969
-14682
53059
28297
24159
-15234
-91191
-88603
3396
16351
-84546
91910
40396
85398
37062
-57111
-67275
60765
6737
-13782
25556
71265
12886
-9709
40277
-45900
79641
31202
-40999
11588
95714
-42994
-78122
36869
-28200
-87176
21260
-53490
28738
37502
-20934
58088
90262
85620
41904
-12205
-39805
54549
-51718
43571
-45897
-58665
-71248
3673
-74266
-59971
90412
13988
-78603
27390
-66953
31953
88992
18609
36076
50309
44023
-43211
-95241
50962
14780
-54094
-7760
-15832
-98525
39710
-80362
12932
-43326
67311
-44333
92403
92006
-91933
-92830
5284
78705
-71453
-13281
-179
-38602
26855
55555
80904
-74894
-60760
-41289
80960
72055
52718
-91918
62185
-21753
-14614
10350
11948
48959
-92635
35275
-83726
41196
96658
-65819
-2240
-37368
6395
-56388
3554
14844
32503
-2249
-55004
29527
13315
-41266
42580
36815
-95032
-17520
46325
-2676
58782
58156
-26640
-5243
13873
21254
65764
-81708
-39931
3360
-14306
86268
56196
-75163
43094
-71842
53530
-55688
40837
-40564
50077
-38635
-61964
86877
-43255
-13734
12043
61042
33841
-52952
-29166
97403
-50388
20868
-71605
87787
45169
-13385
-59703
-87986
-62288
-89427
-46778
-73455
93716
-70269
47119
97563
-79704
17187
72673
42982
-24473
-73716
-75004
-58518
81794
70353
38533
-52662
54226
41514
-51139
82268
16644
-13393
-67469
-77820
-80624
-11222
39930
-96008
-24847
99027
10062
65477
2401
8459
-97655
-64658
-13255
-93868
-17457
-14527
-22016
92613
59549
-39830
57013
93832
10883
-76173
-73719
-1643
46457
27484
-50439
31581
-81527
-1754
71526
-7156
-36004
18249
-97615
-84333
67910
3909
-53256
56783
-11143
-19014
-70600
53016
62749
16426
45725
56425
-14109
-39066
-2944
52464
-9638
22871
-93962
-92452
-43138
20202
-85081
-81603
6440
-63728
82455
35584
9455
88430
23843
17876
-80043
52292
-37499
-27585
53526
-57373
14146
54607
15275
-36555
13801
-1092
75077
-47558
-76887
46739
18609
53522
54618
97476
3444
-42590
87823
51293
56685
-62520
-76562
29043
-90806
3962
53835
21301
-64478
5355
-22150
35753
-42562
-14809
-80899
-54290
-5089
4388
1345
-42011
87462
-88145
-45062
95298
38008
53057
-31332
-96006
-37042
-31750
41704
-63142
-98634
24863
47012
85769
10769
-87102
92734
-15746
81470
9116
2841
-41295
-77826
3247
69894
98471
-61290
-44486
-48978
-31397
36754
46673
56930
63069
32790
-46736
46111
69482
-21843
-14863
-60888
-33026
77139
-34029
-30374
-77289
-24436
-26635
-83621
36847
-79007
35065
-35439
56912
-72893
64656
-50433
-18703
-95611
-80584
28716
48598
-40619
-4132
30999
-63084
-39176
-49767
-96922
-27060
-37559
-46786
89457
-52372
-5515
-95161
-47021
-84077
-95406
10300
-71819
76861
47253
-11819
29655
85883
-80400
-30788
71651
36296
57103
-69159
-76998
22559
-81590
94496
-43435
-12105
19436
-80050
-22173
41696
92916
-25565
32802
28887
-92187
-25590
72115
89603
65636
67405
-56759
64323
16153
22206
89248
63197
4212
-74378
33249
87878
30662
49243
-85715
-43854
-8062
-74188
37697
92189
78619
71758
-47606
63561
65353
80875
73463
-1113
-94218
65359
44061
91774
-82027
36391
65098
-12366
19282
83468
-47398
-73229
-63845
10323
-69247
-39109
-73868
-44124
-98058
36556
39685
-74094
11345
30864
-88094
11501
-60294
-40931
46166
-30765
79144
-95047
-76624
-62882
84318
60301
58227
46640
89058
55233
-3467
-8625
35345
-59934
53047
-49948
-96443
-65118
86739
-8693
39669
12657
58665
-6092
-19430
16404
-11105
61314
55552
-16354
18704
69223
-7114
-78772
-43465
5261
-95299
40033
-76400
38280
-37930
44620
-99451
-38540
44752
16784
36718
-50589
67169
4913
-97013
50149
-7117
97101
38265
29862
71891
-95832
3273
-46274
-8418
-7166
-2965
-19398
31774
69003
15430
-49974
264
20600
29726
3380
65990
-16166
89638
-95989
80329
-51746
-75526
-78159
-84614
62439
95315
81117
75955
-15313
70222
-29167
35468
88801
38701
-53069
-97112
-5475
-42437
45810
-30642
-74072
-46781
55618
-6763
-83253
28453
-71558
20939
63145
-71783
98965
-90876
28990
71790
-34338
-36022
-52043
-36063
-27979
-18228
-74673
-61304
-92115
-53344
71150
96992
30618
-48176
69498
-32172
-69550
-53294
90726
-90596
66284
7208
-35881
-20213
-68797
-99162
-84068
36843
-34684
7677
12948
54571
65430
-61930
95516
-94995
91149
96741
7575
2984
50279
89786
-36481
-78761
-45760
92062
-48444
-45633
-22923
34528
-27476
-21422
4196
52935
24517
55526
-58879
-59802
-7605
-76139
-89743
59104
-85558
-55943
-68746
-29904
73277
-38440
-58091
-40536
54385
-64298
-22508
12190
99913
-47629
-8758
-31223
29876
-69432
-49775
-14568
-80012
-45511
33450
16282
-5118
77071
46838
-59038
-43517
-8931
-72775
33727
9491
80260
31862
-12696
64057
-67775
-85346
-99516
-28152
83879
52062
68528
83375
58752
-25381
-95286
-79097
98871
-45155
-82004
-52085
-5813
-22471
-92095
-97123
78415
-69424
30817
-44221
22888
-59754
-22005
-63392
-93547
-31794
-43581
-76298
45091
-2226
29666
-60670
21078
39285
99180
-38714
-75054
10867
-1513
-95316
46763
-90895
-13721
-55760
23237
-39052
-24884
-38350
92217
-15646
20227
7567
29112
57785
45750
-93594
-79404
-68737
65693
-38401
72784
-89115
79239
-47577
-78576
-33479
-82043
48319
-33858
30077
44960
-76296
28276
-84812
-74771
93312
51186
-85290
22741
-16882
11067
-36170
-65483
6427
30909
9138
-96286
-3606
26343
-3250
-46530
-60395
-75377
-18499
80583
36967
79093
1105
-32426
73376
-2260
-63414
56851
-71806
26921
-97197
-75210
30941
15954
31186
7710
96330
58580
31621
-75241
1745
62888
-52527
-49080
1177
63229
-94775
13590
54203
78440
28257
-24885
-24877
16684
-61484
5145
-43492
35702
-2087
-92602
-17074
44005
27966
39484
30773
90169
-87197
-8208
-11367
-33519
62109
-60425
14074
61083
27159
75638
-11579
48238
-23768
58352
-53885
-34690
-89550
-88980
79303
18169
72446
-85641
-11343
67251
80815
14566
33355
353
-94225
59288
15913
-43484
-39440
-11212
78853
-69664
-30655
1446
13690
-66921
-78804
-6416
-29756
99357
35481
-62056
85297
-89077
94188
-43075
71584
-21422
22363
53882
50700
43645
-88419
-36147
5575
-39316
51739
-84591
67191
-5119
2739
15773
25990
16820
15192
62141
95273
-67421
-41022
-22144
19086
-74750
15926
-14801
-13942
-47249
86702
-12085
72815
35054
28677
31505
-69742
-91023
60804
-94760
13998
55804
-83959
24674
-50897
-92353
87473
-98603
-52356
-2993
3441
-34489
-36423
19876
38257
-99704
-71897
4929
-98910
51612
91366
-83846
40223
55226
-34444
45314
24088
39455
-42670
47249
5789
-91449
-31141
-61636
67509
17690
-45734
-16683
-52306
13158
-33138
-23322
26080
18550
95163
73623
78531
82145
-14900
-4386
-32965
-28261
37765
69746
62117
84158
-229
84703
-62738
35817
66689
60173
-96820
-91213
52615
-36176
67483
-91182
-17547
-19635
-77797
30105
-42702
31193
-84771
48306
-57364
18359
16072
74678
7755
74897
60571
-50995
-64593
9738
-42836
-34875
50946
97554
99822
-87554
84072
-22021
-86404
-62924
93489
2154
-68242
37938
69383
13516
46456
98189
-27766
-86663
-55094
55027
40281
83084
35859
34066
83191
93049
98439
-54160
-61886
-68538
59626
-88082
-73880
-3827
32828
-73913
62775
59054
42510
82806
-69623
81293
-26940
-41343
54744
-93441
87697
12078
-55146
-15108
51870
64678
3261
34361
-67199
13016
-96226
40121
48360
-10772
87299
-64640
83595
72224
-50753
-91253
-96655
-3089
7087
-14407
3519
-26887
-79897
-75680
78969
15824
66835
-56713
47572
89670
-97174
-55778
-40440
92461
48972
3779
-61985
-66912
-97208
25959
-7079
81447
-20628
92418
72535
-1946
2850
31923
-6588
-32272
-16923
-92671
94528
99036
-22971
53247
63355
-85095
87639
56986
46580
-99674
-83174
87124
-61491
-95887
-4159
-35595
68722
91005
-19103
1779
-78189
-86846
-63737
48408
-98177
-21251
-89977
24639
-44707
-89441
898
-81772
-81590
-57959
-30339
-25848
-47980
27481
-95680
17098
-19860
71215
-90071
62785
37803
-20215
-30823
-88613
-9569
21038
82447
-51898
12036
-58021
-67430
-95202
46502
74451
-66386
-89508
-37873
77027
-40567
-98301
85743
-92015
-15459
78523
78225
-34183
62714
-90616
-40777
-26395
-34579
-4490
45304
-96940
20142
51560
-74749
44121
-74502
-82848
-73543
83665
-45240
52583
-67756
53889
-79306
76180
73991
-89481
29900
63447
86412
-79406
-93636
93140
-63191
-90638
-47688
42291
28547
-12803
82573
-70138
9496
-35232
50276
30681
-7708
56683
17772
17999
52405
30013
68819
-79001
33959
-63702
37251
30957
-23732
-38061
48952
-72590
73552
-31703
51751
88486
-51425
52396
-72244
40238
81008
-6946
55971
-22840
57398
-64990
-23670
-47537
-37035
51109
-59858
75310
3371
40271
29899
67145
82359
77092
11449
-19962
98197
-29192
28736
-33643
-63982
-16485
-98188
-63076
38034
53655
-26851
23827
76792
-45751
-98902
-44954
-79627
-78518
-83621
95040
7387
85162
-73867
-31631
45922
-6650
-60461
-56055
-33041
-569
9342
-30216
-69239
735
45847
38065
-39683
-78053
-8555
-477
14223
5377
95394
-98963
66220
92583
15422
25951
-10617
80119
-63693
72224
96914
-74752
34064
-16058
-22044
-40949
-16336
-92908
-79562
73254
77998
11047
-21832
-36382
57670
89260
-11510
-12428
44861
96244
-34609
77919
26258
-91025
76900
5071
69808
72393
-17861
78253
-88566
-72551
-81204
79741
-94503
-82558
-80373
-36832
16820
83136
-59558
5246
35204
28147
-39658
-502
-40562
-49983
-69028
-811
-29073
23631
74341
-18164
63654
-67842
69574
-79923
-30675
-15109
-97179
42949
-73255
70914
52240
-83137
93232
54218
-98216
-46383
-80003
-14700
52626
-22101
-43363
71591
31632
89996
-52066
-73834
10097
-1450
-35753
50099
65170
-65310
28056
31688
-23912
94149
85600
-45915
-5296
21238
-86100
22373
-75524
66448
-18088
-57956
85988
27539
57638
-54515
-20185
62622
93813
-2375
-30739
-36777
96349
30741
88897
-79720
52244
72537
-91026
-6869
75620
-13239
39428
86322
17095
20262
-25791
-53525
97455
46554
-13973
84336
-92871
13856
42021
-83588
58837
-68320
-88074
34596
76850
-25496
85485
-4941
64873
-48198
-33751
-59363
5091
82001
-61504
89099
-52957
99363
25662
42174
79809
39527
-75190
65895
-81592
73946
-76565
-12517
-64403
70557
402
-2455
57787
-55551
-51050
-14213
-19779
-87435
34724
60359
22236
-77682
83555
79521
83059
88569
-87935
-72819
9611
7438
-71469
-88933
-90136
-62177
58131
47810
6513
-62825
60631
69776
-77795
3935
8507
-60157
47119
7460
-92650
-28723
-67005
-85948
60884
84099
-79846
8924
74855
39309
-27644
-84941
-33334
-88379
-76351
75123
62849
16549
-17516
-74231
-44145
-8766
59801
48822
39683
14302
-26392
-11472
28512
-78379
-87066
86940
-67893
69755
-93745
-19344
13829
96629
11732
-8903
-94237
84885
-52480
-61091
50089
237
9841
71929
70736
-67272
45163
-51080
-51990
29224
99191
32065
98786
33147
28993
-14528
39512
56926
-69005
19165
-31266
-31398
-76282
-70630
-8801
61018
-55001
-51248
-63160
13150
-9216
-97908
90460
-78636
-17783
-94271
54426
-11107
-25987
-21057
-56643
-45557
-10875
-25356
-79365
10971
-16791
35580
-11914
43586
96885
-53536
32059
10543
-26023
-42641
-69906
-58147
97673
-81520
-75170
-51777
-83904
-4060
-30192
98019
-4719
-20379
28760
-46674
-42969
31976
-3410
39930
-62541
-84859
45214
-58826
54957
-9994
-7651
2555
41295
-25282
86680
-11950
8786
96012
-45981
-71333
83309
13226
87047
-34709
-41156
-55246
34895
50432
2609
1315
83222
6241
-47250
-54025
33019
-64783
69942
98854
-92927
-43962
-77499
-9149
-9245
-59195
41377
27528
1995
-48723
14474
30756
3798
-87424
-15097
43471
-42945
-26101
15192
17655
-86571
-89644
38273
-70613
-47154
-80634
-99266
-49029
13979
-47610
97649
30329
-86721
83650
33320
-54958
27649
46950
12507
52804
-19275
30389
31509
-99033
-93365
-57262
-92452
75481
17400
44400
-74828
-50670
55627
-43895
66519
-38607
-3309
36844
-1781
-16556
-55836
-68360
-76398
-3825
57950
78876
-63812
-51317
-37579
35238
-26010
7390
70119
21583
-44404
-92784
77567
3273
40494
60948
-82498
-52252
71013
32411
-72603
57235
-23955
37969
-51676
38344
-63975
-46520
-35725
-52388
3090
33232
73763
-67079
91804
8166
43788
-92396
59213
44489
44569
-52070
50282
13945
-29526
-42956
26853
-38189
-14449
15247
-44882
142
19195
-8318
-87503
-81326
3750
7920
-88579
22313
64554
-97567
22850
92375
63785
-63853
-33479
45513
90193
54457
94553
-83893
50048
66033
-80028
-99662
28854
-87462
17055
71187
-79651
36546
92762
-94425
79925
73778
-12387
-92730
88131
-31334
59160
74783
28259
53295
-22511
-12165
98493
34709
-79500
-20659
-93129
-45837
58252
-44922
-89433
67896
19063
-62647
98629
38498
-10611
33888
58624
-17571
-79344
-67370
-95825
-10072
-71424
-68453
-51339
-96017
50847
-84180
72356
89152
-22426
-33812
83434
41647
-67767
-49532
-34870
91409
21857
35732
44760
7152
-32796
82301
72811
63268
-52221
14757
-5334
28524
-20725
-16989
47445
51442
36963
50217
-92926
83428
65902
17711
-49838
32149
-66338
8001
94960
-99719
-83564
27269
87762
-78902
-53714
-80921
36232
-48183
-66754
-47325
-97536
98925
-612
19069
60322
-43071
22324
-86498
31781
96279
-18202
47870
-55204
-28904
-78311
-7524
-22112
-50398
59564
68666
-19491
-59504
-48591
-72
98630
-73784
-85279
-27262
71297
61798
18481
88871
-34109
59097
27531
32833
-50217
46846
-24191
-31393
-6075
61617
86661
81777
10850
-42053
51975
15765
-13958
-62517
45202
-15569
21417
-51435
79777
-65702
-52259
45042
53552
46673
-1081
96053
-80902
61409
-64861
28641
91012
48892
23593
15800
-43744
-67712
55094
-2028
-73341
-27936
78998
63589
-39574
85027
64980
-37899
-1823
45136
87987
-93540
24457
-95252
87542
72847
-70346
-94462
73786
-1622
-49160
-38067
76720
-18476
-34670
62839
-65484
-74172
-9264
9573
22150
12469
-76721
-49304
94493
62265
33276
40401
31173
61541
-92976
-31706
-87634
15660
-65621
-80777
-44520
-31293
-28818
-18943
9833
77977
-42763
-13279
-27658
86681
-74764
78743
-95595
-52487
-96782
7700
91511
39211
-89515
-54290
-97758
96889
-7294
10017
32495
65227
94767
-30045
87423
-7894
33083
-43274
40756
28410
61665
-99980
47448
-36423
-71436
53507
44669
-42797
2773
-81481
-28766
-82478
-40889
1782
48284
35605
98000
-92866
-69233
-77645
-8791
31153
13386
-49639
30479
-22418
54148
-4236
8873
99078
-35383
4397
-94209
54821
67479
147
-23582
66366
98566
28265
-21162
-94809
-91910
-55477
13968
49418
1336
70164
-50795
5363
54632
88200
64973
72355
-70219
-10883
-20073
25001
-50624
98863
70412
-27819
-21274
64472
11592
50219
-17577
-67292
46149
56470
20993
42080
-47700
89789
29103
83743
-86066
45605
-34506
-61075
-78340
58438
-94213
84896
-96200
3043
-23145
-64503
-10749
11940
9990
7019
20213
83772
-35966
-80805
-32865
-64379
98204
73525
-42938
4581
22792
-80884
-69077
-57778
73758
55727
-40575
-53318
41529
-86697
23293
-3989
-31706
28380
-9258
60189
-58661
57385
11752
10400
-57040
-3276
-94282
15332
-42750
32725
5032
52348
-1093
66368
-43971
-82855
93149
-53218
19748
83623
-48249
94424
-55843
-38826
-56350
-38091
47820
-14949
54365
-98663
-16071
2646
66822
-54752
-75749
86174
-60915
78339
45827
1787
46307
17423
6134
-30612
-6766
34283
-62811
20449
-2412
-43386
-8714
73076
-5372
20295
30933
-43943
16944
88460
38311
-34291
15141
-31563
38803
-39938
36937
-97775
38142
-34343
-49108
-79831
-75682
-42202
-79276
70181
29750
69752
-6292
-94487
91308
85789
91263
-30786
20916
95164
-52599
56156
90978
97308
29723
98300
39475
82342
-77948
-25283
50407
-28868
39852
28211
-63697
94862
-80925
-15781
-8682
-59838
-57000
-70200
-53820
-67147
-46112
93323
-70135
30942
96393
48141
12065
-52999
-77933
63913
-62282
41251
-35675
-26785
10352
-23056
-85119
-34441
-17503
55599
49569
-18812
-449
-4318
-88629
-93384
-47356
7479
2859
98574
-74639
-26454
17700
87998
-1590
58716
-9892
-21632
-39962
-11952
-81783
4477
83213
-37211
48150
90949
-7756
-37610
35050
-13647
63146
93583
-89210
77288
41878
-33129
-95702
78708
-47862
94409
11655
21389
-21010
25270
16502
90220
72765
-4247
-90695
62160
55667
-63696
17876
92702
-7647
93288
66573
80450
58688
-16492
14055
-82882
-3507
84105
39814
-77056
-90138
-39890
-60219
3689
99312
24399
86328
-55064
19648
-26893
29196
51459
75885
-16230
18151
-28764
-9255
61363
-64216
-88589
22232
94898
85106
44103
-33494
85788
93720
-15434
60278
1211
-38069
47491
60645
-12568
69419
95537
-52987
78184
27149
-71725
12554
41474
13250
72393
66025
93825
51710
72170
25699
61072
84331
-65203
22246
-89464
-10541
-8850
68623
-13627
44874
94595
-71379
8282
90015
39238
25301
46165
-5791
79336
88374
92278
99607
-61591
75393
-24307
93098
-23559
-5202
92988
56391
-89838
94531
78750
65699
34788
87297
99973
-61883
84193
-34263
43229
83016
48995
75518
-62322
-53551
24416
17292
23388
45471
-31970
16945
53451
-40401
-92114
7638
-73709
90769
-77041
52909
-57049
-31942
99219
47483
-86132
-56349
42883
-69968
-78681
61654
-32540
-75045
-22676
16326
45598
-33754
-80604
-85951
24245
-93508
-81281
39301
-57441
-75125
27444
7938
-78476
33875
10828
-21239
24500
-33154
-66577
89963
-81412
-43895
-65531
-72121
-65371
-12287
-29682
-31720
37761
49019
15569
42231
67802
88642
47817
66767
27049
55201
-40158
12914
-93430
-77875
-76580
47767
53204
-1237
21416
-77434
13642
-65373
-85374
-7818
48898
-94950
76298
-55727
-53650
-27949
-99075
-18283
78962
-32529
65515
91713
-90292
-71292
-1584
7257
88614
-82662
-35449
-53106
53344
-30324
-33928
379
37402
60956
-38331
69965
-70819
76052
72714
83253
-56085
-75486
68514
-22665
94452
-25951
-79293
-57551
67560
-31962
95675
-71453
6415
-47698
93104
-91305
54499
-41516
16980
-30672
61772
-61626
34564
-71764
-45152
-66728
-74070
-37032
-72661
-13919
-43049
-48659
28496
-49456
31826
95130
-65378
-44638
-32399
-21736
-79093
63117
72684
98850
-71937
3595
4911
44936
-33524
32590
43678
71674
25395
-19345
14388
-3807
-40971
-41399
53099
-68523
60411
-50501
77391
65203
-35598
-1107
25080
-10394
23052
-48937
12506
33799
-28169
-7545
91235
-50281
14114
-56708
18944
-33811
-40423
-14709
-92731
-45504
87480
73995
-4383
29196
-74926
-26121
46258
75352
-93248
-39280
-13553
43541
-42669
-13601
-9566
-3232
-35302
76186
52386
-63604
9054
96360
11666
5059
38548
-75650
-58762
-81710
-31338
-16948
-88006
-3315
67800
27598
34416
-27663
5286
57384
-26076
29236
-78046
-55141
54703
-64318
-33850
75525
24657
-83033
75179
-1437
25656
-88584
16079
3493
-92375
-21400
-152
-18151
-9907
-80759
-17451
12731
44945
-87503
-22107
21052
-90185
18031
17847
-44420
70432
-34849
23141
30516
-21244
-60370
79982
21769
-47662
-53783
-77524
-10344
99634
-59928
20300
-36756
58514
-85804
21493
89781
82885
32054
57632
53095
82903
-53815
-26896
37881
-35228
15551
83552
-87470
-10779
8958
-68983
-98463
63979
79041
-51237
-60068
-28686
-76576
-77440
-60070
-47206
39261
-98145
-35563
90388
-51649
-40328
15503
37718
77522
-47236
-66789
-94065
-26220
-64236
99450
-17485
14182
81044
12924
57244
-67960
34554
93424
-43479
46006
-66402
57909
99070
-64352
-59907
54251
-12567
13207
98359
40894
-66059
46687
89805
10607
71435
48188
21821
43958
13533
-932
91959
-38943
4778
30606
15924
-22300
-24861
49452
-19465
15590
-69145
-94491
86753
-42799
99079
34530
-89277
-10802
-19033
55999
-24138
-41821
-28415
-55502
12318
-58930
-73240
26991
-77564
52654
-59077
-87141
95716
5204
9917
-28391
91701
-7014
94457
37059
-61389
60256
-97913
7882
76357
-27666
13863
-35337
84160
-59597
61765
35762
13914
99206
20018
-54118
-24087
-15903
65552
94080
-10694
-71879
-10438
-21295
-37898
-40825
8117
-56749
3278
-51671
-69647
-5040
-22043
58301
-36884
84069
-55658
14172
39248
-51477
-48662
-94651
87956
-25805
27138
67968
-69686
83054
-11179
61200
-63595
7182
59677
-80741
33387
22157
-50316
33037
52402
-3917
1059
38196
-99901
-98811
91561
66736
-45337
73486
55374
90090
70218
-86972
33398
30916
-78470
44310
50788
3302
29343
60538
-20396
13653
-20403
-69706
21393
-67896
29783
27888
-69542
89234
7262
-93183
-70033
-82696
39794
-17623
-8971
82592
-17682
61742
-15578
12483
50286
-1948
-27465
25613
13731
-79377
59112
35726
-97927
-27715
-58898
-96268
49607
-56027
75113
7467
93868
50895
-15345
89808
-9458
79075
73751
6663
40466
-81619
-56054
-65863
58138
92725
-15130
-33968
-7824
73382
13877
-50868
83399
81806
-38256
55429
-47098
-87634
57290
-20392
76047
-58421
-23495
-85351
25203
94028
38828
18563
-2717
-86401
-3794
-43149
-15595
-66154
-87105
17565
-79740
46289
-58811
-66873
77232
44027
57858
-58959
20397
-95188
58623
42793
62193
-7938
-85861
-98929
-6044
50460
-10578
-48053
76396
-15369
-60197
-94869
55007
-9656
82719
-63282
79641
5259
81513
57210
88988
87261
2967
33855
58523
6315
-33304
-88379
-62132
28217
-99044
32326
-27341
30609
-44345
-26077
-53846
-46608
-13710
41070
-62505
-58326
21026
38542
13879
-39004
-78359
84503
-79693
-30348
18127
33944
-27053
-56194
75258
89497
-65799
-23580
-40733
-48640
55302
5094
-41969
53346
74779
43826
-18192
-64542
27643
-47086
-39381
-94685
-42204
-93858
55683
50606
3182
-76708
62463
-57205
-11542
-81593
44203
-20535
16585
27370
-35153
-46835
-82950
-15764
-19043
91150
-32314
24056
-6523
29351
-52911
-26030
-82155
15697
14651
-1448
-11216
54746
82624
38613
-62171
64870
-38394
2408
-88812
542
-15502
56467
23168
99455
97721
54108
-29316
-2694
27244
13198
92067
-42371
-21884
57488
-91021
78896
-62086
89677
-3944
95092
-92245
-86567
-8418
-44943
-60201
-71731
27469
36767
62375
75899
-54083
74443
-26631
-59875
-49838
72491
76883
34520
68809
46059
53133
36473
63020
79848
13765
-9768
80608
-73759
22206
-58862
-55344
732
86404
97352
42326
65669
-69229
43648
-60948
-68735
-24353
-40929
-22690
34129
24888
60678
-79254
-98861
71973
65803
64873
97197
-97494
-65300
90785
85017
32493
58673
-56613
6309
16630
-23809
79617
36151
-49105
15330
86325
-52469
1199
74908
-41929
-97246
41960
466
-44978
-71302
-71232
-56714
-61637
17938
-23388
-48922
-98209
-13300
88461
-25416
-44219
-83801
71684
-85552
-38201
51403
43740
54386
72271
20745
14344
48187
-76956
92482
50332
78281
-71417
66430
15321
-51421
-72223
-39720
-7058
-98564
-24730
56048
-12033
-15569
23764
41806
-18382
-464
48891
6917
-33348
-34246
-15320
-43393
-91742
-13063
58337
87367
-4749
-60367
-41594
51039
53745
83663
12495
12824
-61793
71413
-30776
-27450
-63966
-39895
-25178
-68355
-32829
20638
-40722
33389
98829
-99935
84866
28342
5559
-404
-90392
-87478
-87552
-51656
67458
89850
-80760
44132
-95976
-89558
-6365
-25173
95622
63086
-43957
-9167
-76201
2421
19552
93062
78097
38009
90179
-89818
28783
-40555
95110
-17856
96182
-38855
66896
45852
61870
-22258
-53683
15764
-13030
30697
-15168
-61892
-67070
-67689
-58859
-85130
-73823
45666
-28019
47255
-53038
-16798
87110
-99213
37265
-85129
-8166
23958
-56252
24069
-33208
-80503
-82392
70551
-87725
85632
-85753
-59259
-77375
76249
7256
20575
21701
-27510
28782
43334
70946
79836
-50522
59687
40505
51501
62347
-44363
54750
-23063
69957
77783
-4145
25764
-2077
76886
-62977
53406
-13653
-55055
-70627
-39825
-12324
-73381
-84561
-61259
9447
93734
96296
-77874
87542
91361
-2497
276
73629
79952
14805
77550
-32504
-99899
22083
-58295
7821
-31520
-93803
-24716
49865
-19191
-45695
-28663
31853
-38742
-70762
44861
-81748
-45710
54675
-4882
-4115
71519
57595
-49166
92144
-91306
74563
8557
-20243
37127
-48678
-45135
-41240
73273
-17494
19994
63208
36382
-4863
38340
59671
-48299
21049
-61727
17803
85497
7485
-12056
35930
71936
-71972
42733
-3923
55857
-6030
65251
88076
15576
15388
48740
-9865
52389
20117
-22562
43222
29556
23231
22507
-46255
-78906
84546
-37278
1119
6729
4965
7250
66701
54728
-5015
-82572
6283
37628
-58050
-63288
-94224
73693
-73880
95605
42608
-95576
41811
-8728
85169
-89211
-57180
18646
-56513
-72593
-32209
4761
43842
63759
29961
47963
56675
8279
-21412
-11020
97495
6486
-91735
79579
-74164
-11340
62358
17693
62634
-86264
38943
10371
-6031
-52213
89595
25639
-93522
-97966
20877
63249
-2691
37992
-32492
93527
5231
54048
-20278
-90975
-7073
29969
86994
-18290
-50662
-99270
-45453
-95327
49137
-58135
20704
35553
-56286
-83752
26306
33413
-73116
43393
54581
-48669
-3088
-60214
53060
-8365
-20031
-73180
-39287
48636
-52586
45211
-47095
4575
16914
8410
-97405
65147
-67036
-35996
-11460
-20506
83511
80064
-84536
-7979
36142
-78839
-39876
97517
-52852
-52001
67257
-83923
79104
-83068
-16530
35936
2219
-34998
83871
-12113
-17
81097
-5184
88499
44003
90881
65245
8139
46952
-24372
-53974
3331
10757
-52673
-82603
26448
87569
37492
55312
28178
99494
-70476
-29849
52858
-32324
70166
45119
-73104
7968
82522
-29747
79807
8788
-71242
-22148
-58558
-6309
-10771
-80297
3408
-38309
-89457
86617
46679
-91809
46487
-17373
-69915
67665
-51686
-76090
34933
65760
29231
-96799
2604
23252
1629
65102
-72756
32992
94082
16705
77376
79460
-50768
-35238
-96988
-71496
-94791
-25122
-2607
18746
-77946
-15678
36702
-75236
-93698
60587
-90359
-63826
40843
8358
40117
37454
-77357
74223
-93060
41893
-20552
-18703
56971
81417
30873
-46483
38881
49701
35296
4756
-80873
-74740
85615
-34724
16611
-15831
-83926
16463
48100
40603
-94572
-60805
13713
51719
-35853
-90296
23234
67124
-47319
18257
39717
81383
-62898
-78786
36608
-2482
-12559
64255
67136
56553
53755
-90961
56260
66480
75732
-36714
-84820
-71680
-11158
57981
84194
79081
49622
70818
-17159
-64483
67143
79792
-45377
-82484
14963
78983
36507
-23538
-74624
-31270
93792
39206
-59983
-24301
-75340
-3180
11781
-15523
43092
-25404
81371
-64480
69692
-18212
-78247
35285
-96762
-67678
41202
-59273
-75563
-85547
-86393
30771
-38741
-48267
-34373
83196
86391
53705
15213
27880
33686
-3382
34164
-1455
36220
81274
11827
25234
-31467
72443
-95780
16245
-4655
53520
90849
-98297
-72198
-42087
51242
91635
71118
-648
-3813
-41531
11728
43521
-96453
38334
-10658
1250
31513
5056
-60790
-12924
-73000
26952
40965
-8353
-15867
-19355
-82740
36368
8842
27966
13816
33035
54351
-2301
-89067
-56054
-58661
1437
-50006
-17604
18747
16012
-8539
75087
-60486
53609
40746
-77060
-13358
10350
-48888
83223
-35144
69812
90831
-53024
-9603
54771
-51376
10745
12541
-1521
-24169
174
5420
13212
-9112
29206
-76522
-14659
52119
-45438
-55988
-25353
-9964
93889
69925
62147
-1450
65575
-33541
-98387
27275
-35884
78511
-47922
-47155
-59843
-80244
-84188
38836
27026
-52643
14361
80842
86189
56202
-24449
-58240
12705
-15153
-28262
29051
51916
-3705
11105
58924
21780
20833
-53207
94356
17657
6577
47234
-74618
-68855
82851
62091
12904
96823
-38326
-71415
37303
-76267
-38483
-23032
-18695
93573
89951
92674
-59473
-70430
61429
-27687
-39262
-36695
7267
38576
-95784
8928
46456
68735
-92354
20679
51342
28072
3275
-41457
8198
70182
17865
-67619
30962
-19654
77856
13265
1821
-48565
25113
34294
-39785
58918
-55342
52754
-59904
93880
-41902
-38180
93908
-93869
16467
74738
-71289
80861
78755
71158
-94442
5621
-96617
-94421
75847
69776
-30105
21894
6417
31622
22752
53004
52334
97395
36659
89722
-79941
93569
83386
-43169
18988
-3974
-80403
-78733
-74256
70858
-53170
68724
90686
-64317
43806
-42848
-6492
50522
34837
33377
-99002
-74837
38762
-65903
-73823
-4425
43603
46950
-35688
59976
56006
42553
6312
34175
-97627
72742
-7380
-22839
82743
57032
-55221
72941
-44134
-81202
42779
82369
-56896
-31735
59862
12499
67449
59726
91673
23720
-97474
-21176
32160
-63088
79372
28062
-65681
-47775
-20702
-8889
35523
78368
-88267
-11058
79022
-87292
-82453
-69189
-95890
-61848
17116
-88923
-81118
98618
44077
-80092
7638
-85159
-95122
-11743
21920
19674
23978
-85134
-25674
94027
59369
37042
-49034
-77328
-77938
-96851
2412
48805
-64596
-84474
67197
-81974
31734
-25662
39129
-21124
-46124
40354
29063
-96781
72568
-44353
99381
-50482
-89873
6699
71091
10006
-2219
-16978
-39445
-66093
-18327
6116
-59726
-42301
-73691
16431
36060
97482
-69772
52374
69152
-18140
51056
90673
-27687
25050
31357
79074
-28500
35825
77374
-86929
-91596
49171
-85251
-47837
-39096
-15295
97013
1137
47658
-97628
-32617
-64336
20598
-22483
31764
48689
26212
41454
-48380
-39905
33329
92845
41079
39235
-58874
-76209
5357
55596
89824
-78505
34434
90378
-45613
44049
76753
-7499
55015
24007
-13869
57575
-62682
79515
75259
-3196
-63728
55289
-80674
32217
-64452
42562
-3935
9595
25682
-82604
-78500
22609
-71216
77058
-70314
53427
26434
-58151
-44038
-5791
-76348
39811
-69049
-60412
-11374
-26599
-26925
-69457
-72262
1649
4144
80639
59333
99997
-68407
-52629
9332
-44507
29297
-35483
63086
70513
6980
26092
-77086
-58029
-87229
-78551
20688
-11594
-13801
-54132
14177
85341
-36261
45212
98713
82551
60866
-4085
13434
-48100
-70770
86629
66801
-32679
-67802
39437
-95596
-26737
81586
-44044
-59916
7243
60252
62312
-79186
54335
-55993
18041
-19234
-25827
55616
-89776
75718
277
-15539
58150
92544
-98695
-89585
19313
75789
-46764
-30299
-32687
38491
-3095
14077
-17180
95718
-23874
-84662
-25670
52487
41802
95759
66464
91156
-83309
-4150
-39586
13269
14630
-33526
-95633
-2593
61798
-11027
28007
4547
-67061
90347
-10110
35390
-64940
21720
-22404
-96737
-59258
47232
-90137
-82179
-17799
-51914
50982
97540
18450
-89773
-64936
72962
58199
-63381
10831
-36178
-57056
-37059
-77423
-2790
60698
-45080
41528
-81532
48100
97518
-81521
42449
-60853
42056
-66300
-18060
-59230
36508
31970
59352
64317
-34512
70086
-60946
-88827
27576
61135
33598
-76530
86481
-66337
97766
-56549
1084
-23398
-59746
-51555
78153
5905
-46181
-25584
27508
-34364
4731
39710
95928
86655
60070
-43853
82497
69872
85952
-53250
-18409
94661
-9885
25257
-27085
16369
-99787
-38397
20917
39797
-77501
-42555
39544
-3371
-58275
-95971
59318
-1504
-66546
10075
-51100
86612
-48464
14573
-41708
91981
-59117
-44192
97958
26324
-53679
1442
-66210
90476
71679
-95846
48121
-94766
-92632
-82913
-56341
-19169
98503
16709
63091
71452
-74357
4779
28809
98362
21764
-20748
-54296
25818
80489
58442
34466
-32772
-25798
-22579
-27427
10354
28129
465
11801
10882
-38067
-57894
34959
-65750
-6299
3209
46390
-9537
-66616
-50956
-29749
64009
13824
70659
-24640
19932
-64955
-82105
-22601
-39294
-46221
65275
3044
-72939
-88892
-18882
89518
-35682
40824
66320
-38686
72824
-96139
-19012
-82711
70139
45250
-73289
-63941
-88177
51152
-29478
10684
-51803
-36417
34056
-18229
-58190
-73999
-78330
22205
-13591
72645
-62132
-9226
6085
-43457
-74810
94025
-89876
67172
74630
-52533
-6640
-50459
-7388
-35141
12638
33548
-71124
6791
27203
23094
-99643
96721
84617
-83877
713
-77010
-67803
-18912
-91206
71682
86204
29653
13967
-70583
78378
-63426
-31303
-41568
-53753
48254
61622
59693
31866
-4330
54952
35857
19812
33359
57058
98271
61232
61181
-96623
-38624
33199
-49023
63518
-31193
-74913
-79517
-36035
-42009
-58166
5547
95586
29627
95003
60775
99251
-83693
-4745
-63346
718
-91971
31346
65000
-57339
-49611
-77352
92519
-7177
-53195
-31762
-99148
-22564
-4449
-74835
70028
-59897
-28367
-16209
19879
-4139
18084
76054
-24224
71511
41257
65006
12702
-32014
-50286
13829
71526
-52269
-84278
-49090
28949
3473
-88952
-74042
-56715
-35033
89935
25529
68261
16727
82024
48182
-2378
89090
89724
-90955
70456
-57146
-29007
34786
-21684
-99910
-74564
74783
-65883
24447
-22187
84352
-69195
56342
-13794
-12029
-59149
95464
-31451
47375
605
-37136
60056
-15126
-71129
-28457
-3167
-52850
-89644
-5862
93068
24205
57505
86276
52503
-28680
87667
77320
-80417
24354
-58178
-62954
-46466
34432
83248
87323
-88545
33233
-8705
-67020
-58163
22253
63960
44842
-92559
-85968
71707
-20363
67927
-18771
-22555
878
-40396
74605
-93670
-25541
-96341
-22459
-48968
23968
20267
-54080
-2695
-72963
87378
38801
82035
-94358
99298
99671
-25214
72419
75608
64440
-78509
95208
-53359
6130
58733
-43622
89060
-56037
-87713
58754
-17326
78335
60058
-46443
-99314
32060
-98442
73844
4978
89030
-75781
-8837
74659
32162
-80187
50917
-46956
73361
-43629
95866
34593
-23771
26063
-65594
94701
2321
28798
-57642
97383
9467
81899
-68302
-9398
92231
84107
-28683
-78689
-99791
-6501
54235
-65974
70038
-41397
-48172
21132
74688
85091
62306
19794
-89310
-26663
-55298
-61451
61136
760
-38142
-9580
-22357
-40933
20100
60151
13407
-95480
-90014
-34150
-64350
-26748
-97560
96746
4261
-5305
75048
-65645
51956
-57005
-29873
43706
12212
50221
94321
-64565
44159
17410
-71735
89595
21564
-41996
-17712
5130
23643
65195
29451
93685
59858
-34629
45018
85174
43171
45750
41914
-34776
62848
-23841
-27037
35256
16542
-63004
-67914
-51891
62182
-85468
46377
-6723
96950
53452
-16772
72291
63144
40413
-11747
-76899
76301
15806
-47034
-68773
61954
-62744
-82630
6741
53419
-95386
99837
22780
-26554
-51575
-30881
94738
-7636
48013
-26636
-45347
-54060
42208
80654
52603
-42480
60564
81595
46765
48822
4345
-58277
86699
96246
15296
-47483
77643
-7550
-23789
-93456
23026
51465
-11098
-52369
-86977
98727
20548
63490
92242
88010
-52300
-33181
-29759
-55927
-22288
40972
-724
52372
94536
81664
20434
92810
-43568
3325
27743
-96771
83366
21401
76955
-69423
92050
-81218
-34326
99288
58660
31600
-89866
-19468
84968
-78489
-43909
-15094
-67351
-68401
-71116
55178
-68453
-28486
20930
2409
-12077
63046
-81876
52434
7227
62547
94109
-24809
-55531
-66750
19734
40113
94232
19886
-14137
-49826
32578
87512
-18445
-91310
-81321
-11273
-18320
-95901
-64394
-2198
-5428
82901
-74424
22251
11001
72901
-74655
67080
11076
33679
60486
2062
-68079
17703
52846
-30655
27368
67578
-2784
-53400
46544
42239
15243
-25534
87796
27739
-50934
-79616
26242
58046
67266
-95537
-15919
61513
-85032
25887
16347
97969
-51815
35269
20802
-55899
-21233
109
13405
64118
16872
-49472
68210
-55468
6644
67383
-36938
1330
4048
-73312
-54271
36851
-91270
2154
60317
74764
1773
-68526
-51224
-88373
92860
-87571
-24675
19180
36116
-84308
36196
39594
-35322
44385
54195
56134
-98002
38223
75392
-33865
87434
36156
53588
-15656
86797
50044
-12203
-46813
96249
-70286
28943
3426
93649
-83827
-77163
92149
-57403
51637
-96896
80651
78210
95066
95037
87767
28974
54114
24525
9221
-45581
-85732
-79600
-43379
-62204
-98779
-99748
87455
-94892
-35246
-31022
29763
-77604
-51465
-31192
-57254
-71116
-80721
-9206
-75821
-91274
70762
51157
-96238
-66279
-48303
28769
34479
-54406
16148
80631
-80692
-63554
-48556
-18831
-72643
40024
53732
-82656
-17610
78448
-42291
91049
37778
17747
85181
-39178
-82074
-84344
9978
-27119
11049
17840
54409
32283
-25928
-5626
-72069
78898
-70234
-90959
-82100
-37493
-66232
-86923
31676
45773
77771
10257
14333
63064
67496
-62062
-53866
91136
27898
-44952
-44114
-83177
89030
62858
28565
34951
-54177
33953
66465
75482
-1291
45815
-42737
55286
6009
-46338
-7004
17213
-93669
80709
-74081
-82113
73234
-45353
13543
-26708
61072
60030
-68668
-87948
56054
86793
-51784
30903
32412
25291
50289
60992
83177
26853
14317
33625
-92476
-49478
-65469
93217
-66699
88379
35433
-24162
-39121
-49840
-80504
-98639
72190
-60266
63024
72523
46231
80180
-92027
-17671
19550
-86345
-62135
14778
-60006
-70353
-2448
58184
89520
81889
70087
-76054
33861
-95345
-8280
93298
99484
-71723
-82088
-65651
-34871
47229
51124
-41871
-62241
-65207
22730
87226
-78912
-5060
83935
86021
58114
15531
76380
37005
-82555
-72830
80533
-31777
-24167
33782
-23903
-67456
-99618
53817
83839
-37205
91211
58640
74948
56598
-9498
47069
-34855
73222
-63370
-43908
77610
99148
-85123
-59235
-66194
88741
-97424
-87526
-65568
-84763
-5641
-91426
16282
-14029
59423
-12173
-12213
-59112
41123
41822
68794
-25346
-73494
95681
98560
65318
55669
-80949
91751
22238
20801
-61272
28754
86260
-81778
61813
-78335
8862
-80877
55462
21903
74903
-58888
18753
89206
20580
-66711
-56756
-14313
-49471
-86558
-33156
275
-9756
92464
60840
12761
-39457
-48874
-66105
-13311
24143
-51610
-11354
-94565
62231
76358
23136
93564
-66607
-72808
-61650
43533
53104
8803
65781
-45748
27581
67326
98970
60508
-15467
-51623
47844
83658
21904
81280
-23976
89833
16231
39461
-77427
-26980
-15396
-86277
-76757
7866
-48798
57330
-7015
81540
-96408
83251
-6814
-99431
79685
52584
48460
69255
5933
98724
14765
67856
31185
-15288
22860
83538
-19130
59249
-98272
82363
-1168
-86138
63808
-48337
58275
26155
47749
-69596
25520
-50949
95559
-78867
4775
-39593
13503
36117
5306
98996
75438
34641
-92897
-79
-86568
-16744
-23369
-8424
-31486
51404
-39338
1815
-94844
67122
-77526
-51043
-45301
59267
-37648
-41770
62673
-71767
38718
-10196
-48667
-36055
-42142
10902
-77493
8819
90910
-40811
-57884
-70623
11332
68456
24822
-50259
-5486
84297
62318
17175
51368
4616
61677
-34516
2056
76398
-59323
89630
-53410
-17019
5308
-32117
15754
17669
70137
69363
-30606
11592
-84863
-67101
-21471
-23614
49777
-20166
-11928
14537
-51630
56975
83611
34065
57470
-9387
-2237
-69048
74503
-73673
25634
66036
254
-54317
-11691
51164
60
-94333
-76648
-4826
-90668
22064
-15804
-22248
-86310
81099
45332
-37367
70289
66461
35116
85745
-89327
-43518
-97172
25780
-46736
24653
48855
77959
26716
-90246
-76637
-20840
83638
-53384
-85005
56906
63424
-4069
74615
52062
41499
87446
-76679
57290
64697
-19170
58563
-37009
16003
-90360
-75325
-1495
60342
94137
-99429
30644
-90958
70793
-5496
-7929
22104
60428
36130
6450
-1776
59301
32825
-70478
-88384
78414
-27673
15734
-68426
35082
-30811
-69514
46634
50155
74829
-70586
40919
-59303
-12079
-40558
-1827
80841
-5321
-829
-55234
-26436
37124
-47611
-16304
49480
28480
-63632
-64089
-90591
-38763
-62185
-10734
-52425
-81879
50013
-32124
68925
92874
9141
67200
-47517
-53380
22753
-22768
18183
94799
88608
27783
-69038
-91475
29037
83900
-10086
93305
97069
-19476
-82234
-52678
55639
-61832
-64204
69950
-71863
-13959
2056
44881
64833
73077
46761
-66219
82161
36729
-1923
-62062
54914
-74975
-82967
14529
-5396
-94805
80474
76853
36364
-54286
-44236
34072
86144
-19622
52829
-96098
-36842
81138
-26569
90526
-35467
38705
-48595
2910
-55765
84079
16190
-35048
98567
-45754
-51817
73208
-80239
73490
-30865
-20352
22478
-16413
15584
38325
61908
-68966
13839
-7266
87900
30597
968
46466
62425
92664
77471
69182
-71963
1445
26228
-17944
-34291
36247
1917
30690
-96651
38269
88509
36033
90185
-79603
45972
-55378
-39709
45338
17959
-26603
76944
8241
-46917
98581
-10777
-23625
20424
96773
-59586
87685
58539
62008
-48064
68916
24992
5944
69912
-3422
-4142
29575
73759
-39576
6542
51514
96708
43284
80274
39016
90967
-50375
27664
-73981
6404
89233
-97908
-50622
38119
59718
-56588
-35044
-17150
97417
-54956
88374
51434
-86742
80810
5902
-31667
-39469
7700
-97509
-50862
39113
-40281
81028
-19686
-92297
-59868
3673
-99251
-1416
-60613
18679
-97780
-43522
-14197
87839
-75397
-730
-37279
95367
70140
3905
72877
-16333
34475
-5535
-91993
95045
-51446
81759
-13018
21957
44142
84144
-64126
24761
-21989
-44878
-29766
-16897
4527
-50565
-44780
23128
4293
-17881
22155
-22427
-5878
-89582
-42019
-62157
5699
46643
-11167
44887
15197
-11853
-96183
26764
55586
793
49213
-1835
20412
-83639
71683
12818
72626
99986
-32468
26669
-27565
-94601
-57125
85283
-58401
39495
-94314
-46766
-7153
51000
-94803
-8993
44220
-79117
13313
-49201
-45302
-25979
-26443
45414
-16991
-78096
16498
74971
90553
50208
25056
16677
94484
-82840
43477
14015
-38260
687
-91416
-36966
-43258
-99911
-91440
-72088
-19579
-56393
-33140
55059
92084
80394
72464
-38793
-18919
56127
96345
-19180
-40727
67244
-71123
-44673
60603
94673
-22357
32602
23151
-55561
75001
58478
-41609
98277
-1116
27704
-21421
-76199
-33528
63871
6114
-20395
-11550
-9123
80996
53021
70217
-32662
-5205
52505
-47519
72503
72023
69768
8207
-56496
8352
-90926
-74485
80219
42537
-50175
-77247
-35602
-48875
47968
-59386
-78983
-39837
71140
40753
-20816
-97582
-41459
-41470
65044
94684
55101
63798
-19200
81907
-5319
-22610
21116
-38004
-71538
9356
-41577
77179
95506
-21522
79076
-60009
39511
-71067
79442
-42054
-16922
12657
-83789
14538
53303
75168
-3410
33281
-38073
-60809
34818
38213
-99729
54872
-33008
-34422
44672
-62893
-11620
-63414
-81050
-77087
-95686
-61742
-22876
-41480
-97453
95342
38523
-40753
-11015
-5784
-77985
33992
69570
42728
6449
17019
-25827
-27644
-12460
43221
43276
-70163
-78929
2389
-92199
16112
70545
42345
53335
18746
12951
62512
-38049
-87144
-9484
-35396
-37685
-80309
-85388
-62613
-49279
-22761
-80277
-98381
51811
72833
-71184
-65929
-13234
-68820
15226
82600
-80238
-10295
2421
-31753
-12416
-67812
-23398
60360
98205
-9595
49396
-34633
-67716
-52548
54825
22383
9841
76548
-59984
-49970
-78740
84365
-54045
-69848
31567
-73591
7422
79076
-39741
39844
-98708
-57567
55756
68427
-60383
-75570
-24279
-84043
-81683
-70813
-15133
-36323
29003
90721
18415
29348
-82435
49699
-55642
43126
-25788
53617
-66406
-83633
-36111
26816
-21425
69911
-79513
34651
98486
-65915
25290
-14089
16514
33375
-86978
-19693
87859
41074
61667
60691
75059
73282
78768
44582
-55911
-83014
85410
-45115
-58686
67940
14408
66654
55547
-42273
4985
-88908
-96715
4271
-87364
53936
-3354
-99413
-6800
19341
14338
22717
-30235
50398
-11273
4964
-95248
8249
-52727
29077
15934
98887
47499
92397
74324
-10347
-27618
12233
-76031
33682
23565
-4191
51847
28614
10455
-94308
88091
-21200
-12415
-93140
-72170
-17539
67172
90396
-26642
47038
-22863
91613
-55728
59622
-22857
-52344
61205
-86704
21686
-20989
25502
-47221
-22751
-22793
-85167
-37910
43003
-9418
-10478
99765
89344
-36052
-38611
-78330
45016
38609
-2500
-95225
-62844
-38008
-41279
9293
72519
-85137
93360
-32480
25795
8274
-57891
-49619
37163
48923
26061
-17922
79142
63972
-1642
42117
83757
-47679
-79187
-31716
84627
98776
60746
-8480
2122
27719
50141
89439
-23402
62233
-99924
-54952
-9941
-11928
-24436
80198
-44610
-41832
40660
-66975
64288
34079
58162
-8683
80062
-74480
60616
83633
14405
11877
-67189
-76809
82825
13109
66452
84817
92381
-40526
-16074
76112
23889
99171
-13715
29261
-66540
-65411
93572
69195
-61638
-41858
90521
-91657
65827
21098
-59532
-58559
76794
-82956
-56847
-38140
-51418
16227
-74475
33063
-51365
84597
-5936
-73865
-56452
-63500
-92506
-60985
-97543
-73122
9688
41548
-93062
61210
-52912
3956
36199
27965
-45942
85444
-38848
-68664
-40701
-22742
58344
42315
42824
42830
-79229
-26101
8521
88899
-75564
24131
73661
-36801
-40933
96821
-99915
-65646
-43470
-87969
-55448
-31376
67392
-74630
88579
3670
56182
52593
6141
-20177
45014
75234
-60991
-24884
-63099
28510
21468
-11028
62416
47860
-50486
-49624
89451
-22411
-48651
-31169
743
90178
88871
-76903
37855
31484
-1471
-96085
-47216
67709
-80645
-35543
-70066
-29606
-47691
-14752
83455
38390
53691
-16694
55522
10503
-19853
67028
58222
-22286
-54479
16202
-43018
6658
-86403
-79654
-32736
11173
-19239
-78460
-85927
-49835
-50916
65315
-59005
-16931
44178
73871
-21368
90716
55546
92916
6691
18978
84153
13687
46482
20485
5868
57080
-97244
-78242
27681
-49155
-98040
-24411
-5529
-95641
-19700
-85082
21587
97822
4184
46034
16969
74108
143
91512
27023
-60209
-7477
-16595
7694
39028
-62759
-97750
-97859
16199
79148
-76382
-3253
30915
-14686
-58464
64971
-73447
20250
29672
33015
-73145
-53103
-74232
16547
-63856
-58131
40906
61042
37962
-30553
-47584
60907
62678
54714
12190
-39467
-3244
-73550
-69104
26621
-30954
58607
44978
-79314
89045
-8752
17483
79934
-82394
-79653
67610
-50374
9696
89139
99896
-8895
42161
-46281
13466
38456
-47166
-29707
11808
-51717
30585
-31689
-18672
-28350
-10697
-32009
-84042
27825
40737
-15350
84003
47161
32413
1107
-84677
78826
-26383
-74902
96245
71728
-56118
-90298
-26315
95079
10540
-63213
-70719
72329
-33749
85052
78744
-50558
-24172
88831
-82546
84410
90277
-97427
70309
56855
35600
59195
46493
-22426
-35589
98743
-35758
16567
56090
-28441
6954
46289
71951
87013
-38376
38145
15581
96156
13983
-89387
-8784
32232
27846
91146
45367
56775
-2930
80218
-75092
90417
3310
7211
-3749
-89045
-14274
26573
48368
-77851
97659
-5060
-49712
43872
88000
22176
-46802
94309
34151
-90610
59375
-77919
-82648
16102
-69023
-56568
62563
94225
-44863
-35830
-70848
93426
88219
16659
30365
-7073
-66561
84031
24443
-93415
-84868
-96760
82794
32074
-16513
-19210
-47000
57720
-1337
-41627
29975
16780
7651
-91938
2192
67903
-88433
-8874
20081
83387
55246
-39214
-92254
35981
84273
5647
-48137
-10276
-60960
-35042
-91647
57909
-58395
-36217
-74286
11406
-10341
72611
-59259
-93149
-16623
-78821
18581
-33018
-55799
-66669
-65407
-67154
70031
-89784
-2321
-76393
82506
18300
-67591
-49909
32939
-12922
-54832
702
37411
31667
29369
19346
53381
-49135
55938
27719
-52519
22381
-29259
96037
80771
46086
87253
14523
25840
10131
-2046
64900
19469
32987
23205
-92627
-78934
78033
11196
15338
-29811
-94260
67492
38760
-40772
-35055
-9273
54175
-54024
78748
4407
92400
-61920
49378
51112
-6290
-78123
-94366
-5071
60322
-46567
84866
41369
7254
-58206
9417
-4066
80816
-19157
-8681
-18970
-34420
-9446
2800
97270
2829
11204
91697
95752
-77335
81212
83467
40272
88284
-63181
37880
-55333
-6585
-91367
-23707
-87897
-35746
9721
-90551
-63909
19298
-51194
46333
81196
52295
23298
-18668
83315
41153
-25208
-52236
-40828
-98130
-50530
79497
-44476
39277
-85138
83595
48
46799
-59960
-46177
-67445
-8342
-38842
92702
-7002
64730
-57253
62061
-32920
-43838
-6405
-68760
-40072
73482
-83541
60507
22493
94280
36607
-34626
77437
-61208
79852
75036
97220
83410
91821
-91014
-49951
35877
-59002
-31915
31957
58214
1640
-44268
-51976
-40912
8107
30826
98342
-49481
-41745
-95599
-12510
-52147
-52655
-49318
36020
-51124
59392
11312
-48392
-3361
-45768
-88858
-64444
78707
61857
-46696
91118
-10479
82846
40838
4806
-716
-14442
-82026
-19976
-71646
-38918
56868
-6987
97902
65137
-26886
46169
-10750
-34307
87432
-94134
-24569
-66479
-50105
-15884
-68796
-24798
-50437
-23264
98047
-69250
60986
-42739
-11861
49967
79811
-88935
68509
-50701
-58012
-2816
62123
-62965
9292
-58348
74063
-36922
77133
-5773
65397
-24852
-77315
85733
47104
-59487
38776
20006
75135
-87510
25450
44089
86292
-17815
-67402
-82122
60851
93190
27321
-28824
-66163
-97873
94147
-22840
24745
-20540
-976
-90182
-53792
-69760
-29184
-95309
-58880
89418
-52436
69160
44287
-57925
54351
-55008
17966
46102
-46300
4468
7018
20397
3832
33475
-87465
46196
76912
-17026
-16518
-36677
-70521
-5343
96276
-89429
-51310
87341
-69081
-57946
56869
97007
-52948
89045
-2808
-66261
15296
-32787
-59261
-91188
-26646
-36550
-65805
11806
-89391
30134
48604
-68923
-34005
-991
624
99862
2094
-58856
-50901
-5685
-67627
45723
42849
43119
-97200
-89179
60262
-20127
-36315
-44003
83150
5091
12093
-98010
73988
65386
-70856
-38513
-41470
-89729
14071
-90767
69646
-52945
-4510
98097
-24374
75465
-66166
-59414
-89198
19637
28037
47459
-31327
44885
-63864
45539
-15042
-88853
-61606
-24335
28743
-30350
50152
-7603
-85384
-11803
13784
-98212
-28865
376
-31354
-76139
-32252
30378
60128
47803
-72060
13736
27187
-22549
62048
42795
-71017
-83848
66241
50386
29181
80945
60655
83320
-79711
-42018
-25551
-3558
-30177
-90646
15552
-7724
-28151
61912
-39225
-97942
-59650
-80171
-66435
9468
95974
98918
-84683
9972
54334
65702
-85017
74271
36349
-26153
85155
-76918
-422
-11884
30449
42503
-21086
-20391
50773
61882
-15365
-25521
56051
27646
-61105
-16990
6162
5725
86237
53427
-83889
43832
-79190
99044
14052
-56554
-2716
92369
-14682
-38020
-23316
19280
76501
-32554
-28435
-68596
-678
-59243
25071
-28673
-70265
-73014
24553
-39766
-74744
-33189
-85892
89957
-81198
42241
15556
61719
-93326
73739
18727
-35535
-5831
-36843
-87680
35986
25885
30405
37487
-97640
92437
41026
-27958
98970
81083
40739
46518
-38427
-10745
-72443
-61511
23949
-49160
71058
40423
55190
39746
-75663
-54181
121
-63779
-70723
-19184
-18713
-8374
-36757
84718
84691
30781
-62828
-91070
77993
-42784
-42183
576
10885
50874
54377
-40321
-86444
14324
-18018
93319
-63517
13723
-13915
66218
26629
-20741
93710
-3830
36125
-11763
58642
96282
83788
-83508
14201
-24473
52206
-48
-70470
-54578
64470
-55070
-87551
-83196
-4254
-94600
66022
6336
-65148
-26591
58950
-36110
-27191
33709
-60903
97831
48491
36366
-9466
34766
61008
-97487
3783
36988
30546
-71391
26260
-26749
-79233
75891
-76509
995
-16970
-51538
-43176
47527
-6539
-5236
35042
-43298
-9180
96322
15185
-31539
27442
-32097
-58439
40238
92382
-93678
29030
-12895
-71372
37326
23315
-37773
70721
46243
60568
-7078
66821
-38918
-92634
30524
-37770
14289
-57747
-92855
35407
71969
-88246
-86127
65301
63907
-65152
-78680
83011
-90663
-51380
-58108
99848
50818
15915
74103
-71599
-15711
78661
68194
4631
81974
99801
-73068
41423
89788
-75728
-67610
96890
-99626
53988
-18018
69993
-13361
96113
-61349
-72267
57011
86071
-7753
-56830
74251
-35801
-92932
88469
8217
38793
-2321
37124
-7842
35362
-12926
-46867
-57697
-88049
26167
-95313
15893
49111
-80040
49894
43715
-56906
-66129
57650
-9508
-13472
30158
42890
23900
53148
-63554
36988
67338
-50850
-61587
46468
55726
86782
-9806
-9449
27476
4451
75412
37731
78076
75637
7357
20509
90960
-20744
10973
22215
-94731
1894
-62983
21868
-6144
55076
-75210
-10166
-19171
8769
-4701
-44003
49478
-2454
-96822
253
-61165
41889
2026
-27463
-97413
6362
73780
65788
92298
-41742
-28787
36952
9107
72257
29695
3476
-24275
54987
52326
58697
96419
-85910
68492
50664
-1472
341
-70842
-99300
80398
-42753
56219
92186
23112
7478
37621
-28441
-77395
-17496
42235
75972
44927
-41654
8302
66476
78601
95428
14172
-33133
-70914
-37521
-79943
-41692
-16688
42044
72331
73611
37129
-11280
25888
-72136
-12110
63220
-45012
28617
32545
93398
-67624
-81840
82936
78547
40485
82064
-74803
60850
-61073
42069
43777
-78833
81072
-5392
66176
65021
-26653
-54655
-96522
-19866
-30637
99966
-82020
-63756
22317
6245
-62685
5554
-96060
-74792
-63784
99543
60655
-72326
23867
-2212
-98613
-59332
-67002
-56505
-58979
63255
70775
-32474
-59380
3937
51481
-43682
-68310
-75536
-43338
80516
62013
-83725
58914
-78432
34733
64453
12692
50168
83186
33265
-36148
35777
-30947
-15312
66148
-64581
-61878
21118
16869
-78495
66283
73923
47157
-16815
41821
32925
85666
-27430
-3821
82779
-44360
88534
-83921
-62907
15800
70869
-23091
91972
-29425
57958
88445
-37821
-95783
66138
-94015
-73365
35216
16739
12090
-45292
88918
-89797
-39833
-81530
85422
-20731
33282
-98380
-69236
43436
-20684
-44745
-28401
65142
20659
-65371
64076
45211
-80216
-60956
72298
-25812
52871
-50806
11607
-88670
-76456
-63546
42531
-63016
36932
64608
68177
22846
44602
17252
57160
54199
-48259
-79955
82430
84107
-46543
-21771
43065
-7267
-14636
-45431
22913
-86019
43373
32602
-17150
1527
10790
-32324
-58695
-50574
49819
-15219
-9565
86170
-33578
36558
59313
-71575
-83629
43360
-52874
-84439
1826
-1056
-46673
-29698
75250
7308
-87752
25988
63677
28845
-40302
-28472
-33278
99502
-87610
-10110
-12662
-3234
82504
31638
-41912
-89539
-6813
-69437
93359
17397
-81691
83884
-19507
39632
-1393
-89043
82652
6034
-97463
73107
49124
-71140
-6843
97000
-90554
20003
-69930
67078
48259
-88469
-27136
-33340
23980
39722
27843
-43410
7144
34122
-10754
-95785
-13538
-12574
-80917
52437
-25282
99967
34947
-71696
-8025
33932
1082
86063
-34945
10536
-89919
56181
19916
-28009
12976
-89507
-42624
-8591
75391
-94156
-14638
32679
-24260
-28013
-33221
-94939
49882
36411
54446
40428
20247
86147
-91844
71672
12149
-95452
17690
-53644
67898
-29795
-24178
-37633
15214
-4812
71520
97695
-93761
-40868
52480
-4412
47138
70925
25380
7293
85189
80282
-31577
-52473
36704
-77485
35667
-80540
90487
32607
6655
-93906
29570
61951
-12448
21849
33213
64566
99353
35399
80150
77580
-47151
22146
-50170
-48749
28971
25029
72981
-59932
31152
-89436
-27670
-7666
-59303
-86951
59474
-36474
4084
83225
28119
26329
-90171
94839
-2929
19133
36194
82666
71293
46694
83207
98851
-32505
-3570
2653
30097
-88218
52813
-84715
-14638
-64919
91235
59353
-70718
4005
-26310
-59544
-10889
-92661
-12047
92959
8055
-5565
3152
-45117
18361
57547
-84035
85907
41533
-46832
-16116
12189
-54826
12976
-33994
1618
-8631
96133
74969
-20626
-32725
39245
62252
-7765
-28151
79489
71610
-54711
-55035
-50255
52116
70671
-5472
-94971
32301
-55169
-27176
-77589
-25819
-562
-21691
-8930
89582
-85456
-73903
56194
-67117
65295
64979
13931
-32885
-74597
71743
36661
33966
-69481
17443
-22946
36977
-41072
-13449
-52794
-52073
-20171
15873
75472
-70823
30327
-73010
-10073
80343
-57203
86489
-51876
18694
93093
99385
20493
51813
86667
-66816
-98840
35004
36192
-50372
-37883
-30699
-94479
28566
-49202
41247
-50905
-6834
-23090
31550
-71808
-54640
54940
39016
83494
82732
-81518
36898
5531
27545
41009
12790
-27548
86741
42032
-92303
-13211
73217
-77889
49650
-64674
23325
94551
-47761
62437
-76342
-16198
47942
-96653
42875
-23504
-35837
78060
61877
35664
25102
72637
-52117
-21217
20777
-23145
-91068
-85325
52917
-53987
64637
74258
-38837
75717
6077
-51483
71148
6382
16296
-94654
-697
-17047
94275
73302
-65626
-50614
-3744
-73460
39849
-22990
7862
-306
-45312
-67233
10474
8314
-42776
74265
42450
-39865
93596
91982
43370
27293
-70081
-64460
30612
63831
-22925
-21539
-77057
-90372
-61527
28162
-96131
14496
66840
-31759
3207
-65524
-46229
-40432
-18910
77729
7982
91989
78811
-6519
23888
-39830
96054
48377
-31992
66016
-15680
57629
-42059
14050
11144
-67142
-61031
73567
-3536
97570
11886
68528
-66314
-63787
-31915
47093
-53410
-29104
25688
24188
-87466
81009
66543
9012
-53536
-40552
-85127
-18983
29263
16707
26361
-12465
42127
-38458
21396
30826
46260
-8047
-16261
61349
-24404
95828
61625
-89721
6343
-95830
-16417
65059
-11402
-20272
86881
8503
-47640
81527
7327
33139
72064
-93565
23656
25848
-24797
95551
-9047
-33935
7213
37211
48695
31247
57240
84734
85642
60558
29416
55487
-12329
60955
80052
35432
58319
-43835
-32984
-9893
-28018
-13618
-48188
-65872
-57706
-61819
8683
8736
-70343
38181
-52080
-68687
-68393
76044
7408
42549
69791
-37956
-95736
89191
24568
25923
99717
-81358
-50052
-67850
90128
65646
-61908
-21583
-20557
-16668
22350
-50424
51717
84576
-21474
72566
-10454
-54189
-94930
-66546
-33258
-7353
-68765
50963
-74360
-34471
-12788
81377
-50699
75421
20852
57411
11977
-23398
23088
72483
50028
-87208
-59758
32616
-57921
-50564
34639
53320
29041
2285
-33336
-45056
-71038
2869
-27200
-93850
52397
30801
43860
-79210
-76840
70833
38280
-67187
51179
17840
65430
-59257
-4959
19442
-81542
573
80418
79879
-92003
99949
-69041
-41700
-89466
34700
55529
-49418
14118
-12793
-30293
55891
17978
79208
27897
-23406
-72778
-62529
34322
90916
-95001
9262
-78150
-68898
-55953
23881
45359
22609
18465
15652
-4748
-96246
-97448
43496
11748
-49265
-24000
-94255
-24558
24644
11439
22658
-74010
-87395
6371
10623
11668
39608
-25197
-68337
88225
63236
64909
-49511
4152
-60249
-10983
-19010
67699
-37392
76031
69272
1817
-40236
57022
29126
-87269
61642
26563
-60351
69031
22628
-8387
-97017
-95616
-30352
43654
-2029
69457
10360
-75364
-10978
-70423
-34469
37047
-39274
-78503
-59646
-6601
-5140
2373
-6761
10433
-56795
-3394
-73553
36328
-74042
31531
21119
-1784
316
19166
44801
51316
16844
92783
86254
22377
61144
-1351
71901
73165
31007
93375
-7224
89967
8641
-42342
-84034
-65988
-23915
-77133
-30160
-13682
-81642
-72843
53635
-5448
45136
-55700
92150
-32212
88594
29198
-19087
24096
64862
70776
13996
33290
-57137
81088
57042
-90187
56694
-6777
-46027
-44738
49155
35767
-59195
31553
-22178
85227
-43655
96464
39944
44546
-16163
-29788
-57531
83883
-93037
-97661
-11470
-41293
-39552
-49959
67822
-31402
-37376
-90345
-75963
11873
-62079
-6163
-74252
-12263
-69478
13207
73636
-81751
708
2103
-29691
-63234
-4205
36927
-64694
-97093
28890
2443
-44155
47139
63540
52254
-33126
93381
85217
-63983
66569
-16735
71274
-51877
-83220
47327
-52973
-35228
-43328
5188
-20442
-16531
-53919
-86616
-43201
-27902
77232
79635
22809
91663
-59764
-16273
-72205
-73884
34092
6746
38543
-64902
9103
28622
62489
-6647
-88201
-58866
-89194
46625
46488
96169
-40673
-72198
61593
65182
41115
19758
-65526
-27957
59953
-97813
-85442
-74993
17655
86362
-27388
11475
75570
23
36800
14399
86396
25302
24312
-30289
-22149
58859
-33501
-70983
-22194
-56722
-23711
57427
-69382
47579
49108
-14497
-61690
-83020
-95317
-84213
-79717
90718
-65035
40446
-86075
-32074
-5823
-4445
33488
-16282
62482
-90149
-21038
-79406
32584
58809
64213
83829
65473
-88060
-22882
26875
-56784
-24796
-34573
-14838
-90528
62205
-22730
36710
-55433
14935
36697
-22078
-13025
44340
29068
97943
74655
-62604
6161
23668
-51295
77033
72062
84157
-57647
-98464
76731
8831
-80282
-30117
13032
94585
69454
-32522
-22150
86407
84845
86990
2459
64696
54072
44597
59420
19525
63888
-22712
-42394
13231
12298
-30512
21640
-76935
-40584
-38336
87866
-72123
-56509
-258
-43245
-32522
25483
20406
-86285
-82899
15333
1333
-31686
41593
-63659
-91729
-75178
-42250
-80545
17333
-81098
-15032
-9566
10706
-9804
-8940
-87712
-53564
42896
61762
37659
-31585
-15262
-86606
-84442
89286
26054
22660
43251
20961
-18028
57718
-68880
-9863
-26751
-18279
96237
-6476
-16188
-14887
79733
75827
87618
-76408
-54479
-83086
18744
52392
57084
27487
-61280
21912
-31437
14467
25570
86088
-76539
-57531
-62333
-17109
-74791
-82988
70513
35621
-77354
68811
-90183
-54387
-50888
15674
-17523
-44265
52791
-96936
-27935
35969
-2416
16480
-9218
36458
86056
34403
-3302
90379
57965
98285
61095
59220
-73069
-13912
-45968
-53799
91979
99220
-28098
-75629
45551
5229
-9029
-73828
92043
-12618
99981
-59264
-63810
24057
-31473
-89908
56756
-92601
76482
51046
75764
36634
22637
-99060
32069
23078
-84347
40700
91561
-71693
93750
2676
-53299
17829
-10253
-24835
17893
-544
-98871
-23434
-21465
205
1297
-435
-41705
7236
13180
28743
96294
71261
52129
18378
-48856
97241
60719
-57048
44755
76528
-79400
83502
59935
70591
99339
10822
-5795
93450
-29730
58838
37398
-10344
89954
-17378
-35335
-65632
2405
-77198
-56082
-68518
-52504
-29012
69766
79703
9236
-98933
83190
-64079
84682
-65735
-59931
77011
56131
-28937
87058
-89315
-54402
39071
29719
-10384
44983
-99721
-85751
62355
-95156
13313
50537
31358
-1318
91372
16895
-93419
3181
-11662
35287
84257
-94718
96505
62811
54880
-1124
72247
41191
-31896
9271
15726
85818
-77676
74396
50435
52411
-55505
2812
94452
94624
-90237
-65129
-86060
-86211
-83059
89483
5147
-81471
98967
-88050
83424
90223
55489
11653
-17677
68825
-39075
71433
-99272
85938
-53246
-48718
-63282
7156
91129
23503
-36766
9084
81675
-53590
-11823
-52035
-63232
-31298
-14690
88339
68415
27172
-42820
-13566
17860
87374
-27131
61711
-14986
-98898
-49859
-69650
-71191
95235
7329
81760
-77025
-21685
81909
-61592
18263
-92732
-60887
-71461
-29478
61297
75408
-51538
-15396
4992
-71923
-95876
-16134
85057
-21465
-13798
-55294
46710
42182
-62759
74974
-28091
46517
13473
80908
38732
-46766
74608
9215
16045
-79616
28995
-92936
-2837
87507
25438
35239
-20976
-61827
16271
67166
-27255
-36109
-96139
-69349
29477
4319
19119
51607
93223
-800
-50383
93773
66610
-40055
-47032
-65475
-53221
30395
83764
-52450
90153
47784
51829
-76911
-63492
-68922
-54979
-37841
95688
98795
25434
-78197
-87635
-16591
-44300
59615
-952
24971
-99596
51528
74087
33555
-33756
-28141
88486
-44854
89715
-15491
-91152
98336
66067
64224
31501
-6270
26544
-21671
-7678
-26437
37474
31562
-51911
22549
22909
55771
40981
76644
-20629
99123
91655
83400
54064
16717
-49149
-78232
91272
-26332
-69059
61769
-97976
-41037
-96140
-88015
-31204
-26161
22514
-42737
34652
-32593
51544
6632
67428
90060
28317
18160
78069
-49903
36449
-34139
-41173
-66790
79225
46224
-20415
-40538
-98451
37470
-12842
24940
-40715
-13353
-25104
-78318
74507
-98852
58557
-86187
-45396
22201
-30790
42385
10213
-18828
20156
-24338
11754
-14588
5766
-59726
65383
19996
7853
79480
-15909
87934
-96216
-72696
-50340
-51248
-31998
22780
96352
-75665
-27591
67988
83648
-39959
-55092
-718
-98678
35970
-70884
26509
-72233
-25335
-98058
-83388
4732
59721
3657
53431
58672
-68931
-88616
-77486
-49232
-33500
83953
79787
-2702
71223
75529
76077
-32384
87348
20428
31527
20739
33528
-96361
99410
-36162
16547
83337
19966
-18101
44305
-72866
-68545
-64790
20762
48055
-5146
-95571
7973
65712
-23057
58841
-79327
1698
-45538
95173
98921
-97276
-47128
3464
-33947
-6185
-13578
6534
93401
21593
-28431
37999
17521
-27343
17595
6658
56201
74660
-6196
-74574
10100
-84211
47403
51979
-99261
95437
-40785
-90831
-67222
63359
78958
86662
-16717
56523
-27280
-92068
-39775
-11784
-92329
76634
-99779
-56922
-39472
-77918
-26228
43113
-46892
-33069
-52444
47653
51227
-2012
86943
12037
-82006
-91719
-16664
-67684
-57014
-17596
47266
-99150
62488
-35926
-99585
-63247
75300
87658
-8867
81534
84684
-13673
-60616
12402
52973
-82908
-10103
-3642
42709
-49549
9961
-10579
74867
96338
-36423
48289
5535
13210
43566
76406
58683
30866
-67017
-90075
-59402
65615
-9666
59327
-2536
-8980
87339
17334
69146
-46921
-60249
-11403
84122
35415
25854
-46202
-2939
-80200
78589
69792
89772
88237
33399
-94256
11586
69845
-60457
5337
-97527
-99482
70924
51776
46589
-94733
74688
37908
94794
-88215
-79010
89869
-44054
-55179
-7547
-66733
47113
-71064
-31674
41870
76644
9513
-26821
-3736
68572
-82871
5078
6836
18190
72929
61680
-61001
65352
73755
46812
63673
28452
34996
89063
71779
-33776
-27287
-11116
31457
29421
-73215
39768
-6888
23845
-71288
-26864
-87398
88269
97947
-15872
-32300
39809
-13342
-25594
-15914
4066
67848
-47541
67054
62547
28631
56968
-99838
84484
19325
90808
40793
61634
-42458
50370
24956
53395
27443
13410
57150
32417
46271
-91792
-92198
-82821
62305
50836
-81364
-91369
41412
68682
-25211
-68015
-31634
23105
33048
-11779
-62213
-41539
11198
-38171
881
64441
-35255
69872
-21207
39533
64409
-84928
45355
-8702
-66119
-20310
-84485
-35861
-77388
-99794
86137
-20378
-12707
-35659
-98035
35741
27039
23303
-61598
18902
-33377
90376
60205
-98181
-38175
-73061
-23415
71379
43476
-33251
-96475
82172
27400
-84760
-68855
-31102
46498
-33012
-98198
-26546
-64733
67798
78608
-31934
-32905
39395
84366
91472
69036
-59170
-2062
-73507
-91478
-69711
-32838
-61153
-67592
-28299
-53949
-86998
-37963
20547
91814
-39318
82805
21922
36410
120
-1594
-26150
37762
-3727
-22551
43665
-2765
42360
76913
-75942
94974
93955
-49770
77539
-32388
75696
-23455
58468
-28654
-61174
-9737
-31339
-47034
-83965
61129
43869
9885
-24033
13356
35296
-29935
-49169
-8228
19887
57992
65641
-32386
76987
-85035
-30297
26304
84276
17230
77058
31066
42477
54137
-48297
-38154
-3792
-52264
55552
-24537
-23229
-43157
-73726
88407
-63525
47272
78886
-39130
-60905
-90917
-42577
-37965
4180
7928
68438
96686
33330
-58243
11666
87820
40713
92943
75764
-35387
89421
-15033
-83895
-31400
60170
58343
29195
-91329
88862
-48910
-7559
-28342
31674
-59508
23420
47955
73005
-31148
54157
56951
-74248
17084
92285
90626
-53402
-85985
-52819
-55342
13222
90060
54408
11108
83475
-9066
-18222
-51248
-3668
29981
-58193
-94484
80931
-92214
-6072
-97849
-37122
-71580
-87249
-65801
-66378
-17840
71546
-90758
-4784
-46182
-56682
-14880
97970
99998
2813
-17985
24403
54658
18982
29613
61461
93319
99435
255
44645
92538
96712
4108
35632
-26539
92921
-58235
-30529
-32773
85629
-98440
-94270
-30017
-26160
9932
53837
89143
72709
26373
-33702
-97913
-84531
-18084
-61786
6692
-1814
-31622
-46567
-30720
59992
77782
-79757
24951
67656
59694
57229
16864
-19030
-60930
-18750
4132
-29624
-50961
34119
24669
30013
-65096
61014
-86819
-6214
74928
84168
-47080
-26976
-73041
-49483
80606
47449
-69193
-61208
-93964
-16729
-98503
-75339
-82218
22229
86988
7228
-52241
61607
64966
-88468
54236
89285
-22778
-4472
-170
-16218
-19420
14804
-82538
-85359
46884
-9487
49936
72950
55685
-56540
27774
55535
-74255
-45956
14120
51895
64758
53451
-30766
40817
21426
-88877
17998
69023
10768
-67309
-44950
-61589
45002
-74434
-39446
89231
19589
-18298
96360
-10274
88556
-17838
-22960
50303
40546
60686
65049
-39849
-35630
12857
45310
39156
-94014
26501
59314
-13503
75435
-1231
-86448
45336
54208
-66871
-68278
-28825
83187
-68437
-2088
-67277
-13290
-52912
-7729
-62621
27186
-2155
-32138
50439
-2087
23451
-48885
-64750
-15754
51270
26209
11272
24756
-18650
-80645
35394
-96392
94510
81788
-82557
-25204
-31837
10672
5911
63418
-87332
-98705
3404
90230
80621
-4093
90098
49534
99296
33573
25394
26851
-46522
70142
-17196
-32756
43204
-37418
-69001
-83940
-40009
82136
-36075
96711
-30879
29398
-52471
-8395
21429
-89681
67988
-74858
-97155
-63667
40259
35884
18535
1330
98314
49963
-58147
58357
-54108
-33927
-18505
3879
-18710
-55113
87301
-22371
3762
27339
26641
35191
11701
4250
-38936
-28746
-11140
-27293
-98033
43192
43613
61340
54539
80744
-45467
-54243
96780
88902
-9339
-16943
-75272
-86409
35745
-70020
31749
-17754
-50678
-12653
81963
-35416
91411
72168
55061
35628
27997
-97164
6491
86948
67138
-48762
68945
-89558
-9401
-74341
33491
2414
67320
-98740
33809
27996
12408
52115
85484
52741
14637
45915
92236
55048
59919
-81401
47148
-57066
78578
35353
60215
72788
54988
32540
-4344
-73173
98785
-48515
86401
-86757
-24973
-20450
89398
-90695
99826
-40607
11443
-93824
44409
-99974
-85877
-35952
-23212
61966
32039
95947
60189
-97810
-20425
418
41835
-3871
85505
-95969
31468
4357
24965
36636
47446
-62510
76472
88393
-85882
95306
37321
-41915
-58115
-40618
-50831
-72318
82032
-24532
-58832
-82617
71212
-13841
-89838
-46104
-51758
16733
-72674
40903
-32722
-72298
66750
98573
3251
-154
22360
-8039
-47126
39891
81334
-47782
-93543
-67658
44900
-48818
82383
18038
53396
41277
-95592
-16844
-26053
-95147
16100
-11684
-57440
43390
50526
72485
39117
44327
81608
-14373
-18241
56466
-72151
1738
45715
-23746
30910
-17113
45451
62762
-74013
-69720
11236
-34710
-19062
-95662
-65116
-16072
20042
80172
-48946
-93142
-81494
76804
-21521
24545
-7453
22292
3353
-75876
86027
-7450
-69563
4206
58886
52046
78940
-48698
86993
-39490
15966
69541
24545
-53102
46885
-29510
43669
-40718
29055
-50894
4166
-99198
-72619
-70952
14159
-5840
-8076
-96511
34639
50234
67710
61134
45643
25002
-22680
1925
-13605
12425
-49799
29929
14742
66059
-63633
-91158
17916
63174
29935
85420
-36914
23192
-73866
-90133
93872
-18642
93735
-82422
56235
20980
83395
-86155
-56683
37118
97149
85482
-45099
41690
17178
-50921
-2796