4030
769
4455
3027
2102
5058
2901
2023
5040
2578
4719
347
7399
2325
4310
5015
8834
7186
5447
4851
4093
4610
7589
8406
6913
5652
5903
2265
5682
1974
8887
6581
8059
3461
8422
8023
1129
8245
9630
4264
7362
9451
7192
98
6716
3654
7042
9348
6847
4251
9873
2748
5057
8521
7997
8171
4611
1569
2074
3506
2059
2454
4870
9431
8942
3231
983
4369
9173
6209
5946
6912
9028
6112
9104
9825
1618
7649
9312
9324
5626
155
548
4085
5288
336
4173
5544
8415
9143
5501
9734
9561
1722
1617
283
4695
1651
8703
3873
8052
5133
4707
2290
818
6728
1459
2082
4665
1324
416
5564
5649
3430
7888
7924
297
9269
9760
2638
9155
9679
9063
7023
5054
8594
9986
1871
6790
4898
2985
7139
9551
1688
1779
7973
6293
1546
9866
2249
9880
9013
741
6548
8491
5542
7401
2034
2540
4796
6341
6673
9259
7747
2524
9739
8458
2950
5202
1585
1332
5184
6322
4759
645
6559
4373
7156
8091
6094
7541
3364
708
5677
7986
5089
2938
4160
2101
2914
804
5258
2138
659
2415
329
6045
5331
5310
5613
6691
9098
6701
9856
9146
8992
5017
8913
7263
1766
3255
1053
6643
5399
4562
2372
1905
4762
5201
5711
450
3093
1955
2032
6239
5264
5778
4794
6137
5647
8999
8265
4016
6839
6815
6452
316
6014
5884
2051
2900
4588
8426
5338
8071
6909
5231
7838
5900
3891
5391
7158
3618
3532
3708
2309
8658
5219
554
947
3716
4335
522
4174
5685
1364
5095
8608
6430
4512
6105
5352
5350
3390
7663
4596
8770
3054
5330
2139
3738
9095
1595
9314
735
2976
5376
2001
6386
4630
1244
5235
650
3265
7527
6872
3723
849
2492
4773
4024
2425
4590
7662
3737
6624
944
5855
1778
104
1555
722
6750
3161
6570
5528
8200
9662
2739
7088
177
6232
6951
3178
8937
1447
945
7359
6696
8727
1484
791
8229
9212
3296
4637
8286
5379
8177
2834
7656
1863
6049
1774
9106
561
222
5390
7319
6640
7135
4326
9272
2312
8273
4465
326
5815
5442
1125
2926
7363
6162
6180
4184
7502
1372
4868
4702
3175
6467
5750
2757
7420
9440
6973
9107
5171
9972
4212
3696
1642
5211
8470
4626
9531
4454
8813
8483
4734
9375
7097
1485
282
1830
9702
4896
5280
9327
434
6870
8900
1800
2849
2393
6571
5298
1234
5583
89
3023
8225
338
8326
6629
8899
7679
138
6101
1106
2044
9077
4078
2199
1439
6353
6780
4170
887
9974
7823
9899
7220
9394
6587
7159
5300
5474
5427
9387
5027
3954
6528
8892
7954
8031
7638
4821
9526
6312
881
819
5191
1131
1523
8455
1975
8901
456
4376
6046
9753
1448
2577
8844
1575
9533
1226
6938
4519
1877
6487
1590
111
3961
1690
745
2054
6957
6557
4436
4343
1152
800
2396
5608
106
5539
1561
3205
6286
4766
3434
403
1806
9446
2472
4434
9783
9040
3557
518
9854
5712
2352
530
1810
6506
182
8787
647
8878
6491
8186
1465
7289
4086
5831
6170
1707
5988
5000
9175
8795
3196
7174
2260
2922
6668
2366
8966
7942
8280
6079
3446
4860
227
1824
2282
7010
308
2487
8145
1522
8791
5321
9992
5596
4439
3745
7308
9616
7583
4077
5142
2176
8401
8348
3021
2517
5909
105
653
2688
2285
3407
1735
6573
8287
1195
7643
2845
3400
3672
218
9271
7238
5354
1200
3335
5083
788
5229
3652
3191
4419
6142
934
1283
1016
1700
1809
6476
7645
3858
5748
6051
1052
6911
3099
8860
2749
8676
9682
8472
388
496
1348
1488
2066
6783
8403
3367
1416
4516
485
2957
2825
266
9530
9897
6130
4385
9998
3560
7114
7564
6354
8545
4912
5974
7024
6734
9187
6625
5384
527
3332
7002
8637
1782
6063
2408
4882
4241
4218
2318
5598
2799
1996
9664
4681
5683
8366
1463
8614
868
7271
2269
6453
4137
7635
6464
3484
3677
4750
8163
2935
1969
9103
9444
2241
4594
3918
7480
8532
578
4279
6345
6431
1256
9082
4287
2877
3233
5956
9542
847
2561
8656
5619
6153
4423
1749
2421
2635
464
1540
4400
1498
8808
725
3060
5448
1190
8355
7831
339
829
6688
2842
2670
2313
9993
2972
8622
9758
3450
1682
6203
3682
4247
8509
4677
3403
612
1937
1599
7975
7413
1587
6020
9759
1753
3104
1346
3922
3328
7331
7234
9925
4944
942
8107
9067
7758
7810
7046
364
3847
6737
8607
367
6477
2188
4553
9614
6926
4705
5305
2879
2303
5990
6307
4361
1519
8534
6814
5922
958
3627
6129
3257
8152
690
7808
7974
6740
8328
3122
656
605
6563
7912
478
4811
3326
413
9695
556
4396
1454
1354
7364
3496
6918
6752
9434
9747
1271
6965
6080
7772
2830
8889
8151
9358
3007
7195
8780
1109
1752
9091
7600
3972
236
9436
2609
8948
737
928
3357
6748
6062
7246
4356
6383
489
9263
3760
452
7775
7279
58
1834
5132
2991
9583
8394
217
2468
82
3406
4331
4862
2703
6759
2605
5091
833
974
9660
6483
5955
6942
4214
8461
2521
5327
5776
9238
6320
4179
8495
4916
3463
5751
4919
9414
7897
8549
7015
7987
668
9572
3223
4874
2519
1960
9888
2210
3313
3085
4127
9342
1755
4496
7889
6396
636
9313
2271
1437
4573
972
8680
8402
5149
6678
3487
2674
3337
8896
3124
8079
594
8690
2135
7388
9244
3915
4240
2538
8130
893
2262
4102
4145
8413
6543
3404
6164
1219
6480
1014
1051
2916
8094
1504
8478
4814
6953
5517
2070
7570
7580
391
4897
7597
9325
4284
2304
5784
4027
4582
68
7356
1327
9610
9207
9477
3246
7891
8605
8806
7673
6692
6026
9574
3869
9300
99
5951
7227
9586
8282
4763
66
641
9144
5402
9060
5267
841
246
73
1055
7185
5272
4925
7103
5347
3964
8811
4067
1816
9884
3602
1952
8126
4178
9027
2026
1890
3721
2122
4429
9767
1105
9349
7537
6327
2200
8060
2163
537
7387
4520
1000
721
8704
3497
6109
7803
5315
9266
5714
3960
747
8872
7211
1584
4374
711
7277
5050
4848
1352
5942
1829
7776
2559
8043
6388
1605
6420
2860
3495
9419
6713
2785
3041
7531
792
1764
3638
7048
7082
8290
1598
5574
5266
136
9781
5217
1758
9200
4841
4802
3334
9462
8304
281
9007
7560
5012
9955
4674
623
4714
5667
7141
9100
6444
5004
7335
8837
1217
7707
3076
1661
8256
7721
7951
9736
2125
7857
8965
4772
3056
6631
2175
7814
6091
826
2794
5568
9489
2243
8792
6065
5118
1675
6580
9501
1572
219
2953
8515
286
5845
9474
9011
9715
269
7877
3584
3897
7516
4670
4807
6545
3641
7322
6502
9949
7961
9774
7346
5409
1135
7694
2253
5372
9623
3783
8514
2661
6245
2195
1706
5659
4682
8873
3384
1151
905
9754
5849
2549
3494
689
8555
5205
5530
6675
5858
3667
5466
5262
9570
4280
214
9932
5674
6454
3759
3846
5333
9984
909
2631
7232
8167
6632
9716
1920
7180
7538
1840
3522
5763
1007
7558
8460
7060
2486
402
5472
2389
4159
2826
8443
7250
9617
3289
8981
497
1938
4817
3883
6715
9826
6380
9684
303
9247
675
7752
8181
3314
1495
5533
4087
140
224
5348
3297
5125
5064
1212
5982
1802
7476
569
2570
4107
8183
9018
272
2954
6860
6865
9539
1238
5087
1350
8730
167
5165
6334
4450
7777
9514
7614
2177
5134
8361
691
2808
3349
5226
1760
6894
4409
1127
3240
1556
1837
420
4181
7836
3183
7280
1270
9282
5618
2591
2411
559
6866
2114
1530
6947
2224
2371
8070
6205
1667
5014
1044
2343
7339
581
5316
3860
5684
8989
4852
2806
5602
4799
9562
3389
2643
9701
9461
8657
7382
6664
6337
3933
6128
8593
9690
3845
8496
5103
7498
997
9802
1107
4649
5860
1505
809
3096
9277
1763
1494
6823
4980
8360
8207
630
1577
7077
5805
5128
2308
582
2518
2119
5870
4865
7044
760
113
4219
4933
3650
7376
6859
8274
6618
9620
7072
8841
5401
7928
9982
8955
6313
4471
9206
1266
1949
1351
5811
7968
9479
7261
2209
9460
1112
8757
2610
7900
9761
9227
6275
5192
7036
5732
7439
4524
5891
6667
9494
8155
4716
2451
9600
7524
8479
8991
3636
3245
225
279
9579
669
419
5825
8315
6800
709
3457
8807
4998
2443
2174
8859
6880
505
8835
1777
9891
6542
7813
8610
7588
961
4375
2500
5001
2644
4094
6161
1907
3050
6485
1432
9074
6331
904
5694
5867
8616
9307
1260
6352
6861
8494
8341
7672
526
3535
7217
8279
3394
4501
231
5176
4729
8856
6597
3644
3923
1921
8699
5793
86
3142
8170
427
1950
572
4827
3374
6593
163
2917
8952
8209
930
9083
2436
5182
8407
9935
8870
5500
6710
9343
3988
4804
3439
472
5225
8668
6741
5666
4920
9865
5071
9178
3700
103
3561
2246
715
1376
1137
8554
2782
3833
3030
729
1985
6577
7514
7131
8558
6831
5570
1650
8161
3145
736
5166
2229
1443
6931
7006
3948
7878
1576
6404
3234
3274
5818
9463
9658
3467
2030
491
6796
5680
4345
5897
8940
8745
1616
1074
9179
4636
3039
3781
9537
7418
9741
9465
4412
8077
9744
927
8587
9764
1627
5283
7610
9377
6685
3753
8306
5604
2526
305
3331
8969
3898
9655
9704
7487
125
3615
5540
2969
7640
5934
3626
754
3874
3934
4614
2760
790
3273
313
8143
1310
5697
766
1085
8456
9832
5512
8890
8832
8510
6446
8673
1864
5146
9457
1315
651
2005
9837
3120
6672
9784
9871
2602
3236
5889
323
570
9980
8927
6200
7027
7546
7281
4877
6030
8763
8359
5826
3782
7456
5976
7955
6450
5893
3437
8150
3272
1078
5833
7992
6614
1043
4767
3968
7214
4330
6458
7543
3596
9793
9058
9983
6213
9522
6140
5371
2855
8311
6481
8752
4809
1264
3307
2087
7750
4220
1036
3227
7396
3139
4517
7799
838
8249
5993
1136
4168
9055
108
8490
7414
6603
6384
2714
7492
1303
7727
6408
8761
7075
1554
6479
9322
8095
9108
2158
3365
6837
2142
5194
7807
5671
5033
7984
3703
2525
1557
6652
2400
6029
5477
2649
4561
3399
7884
7258
7029
6499
4530
6650
3980
2813
1552
1474
5615
2791
5493
9337
1511
896
9814
7354
3237
6651
9422
3524
7861
4150
5623
5180
1528
4861
1194
7231
4364
7685
5601
2637
3207
5449
9879
9428
2286
2871
4321
6242
2338
2732
3159
3163
254
9385
9894
1150
6532
1602
6852
2986
688
7205
9510
956
8838
4032
9558
5973
4601
252
6406
4769
8332
5720
4801
1203
3006
8995
9333
9910
5896
5326
3530
7741
1842
8967
5597
4222
5252
685
160
3518
4717
6018
15
110
2233
8724
9230
6042
205
3775
6885
7763
3005
3170
1525
2547
5852
6832
7306
3825
9818
9075
7001
4902
7172
4993
7409
5034
1594
1297
6776
8404
3975
268
2466
2327
6670
7317
5646
5167
1091
2667
3727
5044
6974
5686
8743
30
2948
710
3597
9892
162
5161
9703
3067
1379
8528
1071
4022
2388
979
7780
687
3607
2201
1628
8876
1496
306
9926
4654
2384
4499
5446
9675
6415
8517
2027
9273
8513
3582
7039
3826
6328
6746
9959
4239
8481
9918
276
3690
6654
2503
4470
4389
7601
4333
1400
9177
3258
7252
3840
8421
5854
3633
8803
3890
8678
845
9969
9427
13
458
6456
8025
8741
4359
8819
8733
4671
5781
109
293
4891
1455
3545
2582
9132
9340
8764
5629
2166
1963
4835
9668
7939
8893
9498
2980
4043
1677
2881
3009
1652
3952
1768
4960
9005
1221
5290
837
9954
8544
4065
4800
1373
2718
5250
2923
1898
1483
6766
750
9302
2827
5998
4644
4895
5394
878
2704
8047
6727
3474
5610
5314
9718
4974
12
5143
1162
4408
1272
4889
1481
4838
9509
5882
7536
9412
1072
8642
1821
2951
406
1472
807
6677
4613
5637
1780
6637
8683
3445
3591
2072
5519
6093
9635
2474
777
9691
6143
4495
5859
4036
6441
3757
1533
9548
7269
6382
6763
9622
3507
3684
6422
4580
523
9432
6469
5703
2652
3880
6635
1693
8345
4557
7314
2981
1850
1158
5930
9080
3224
3831
2240
2183
4484
625
158
6047
6939
873
5600
8078
993
4576
3228
7441
7940
2982
8600
8648
8775
3885
5308
36
1962
3476
521
2319
6818
1347
8147
4158
8253
5210
7733
4521
9606
6714
6594
2514
8165
5767
7904
9573
1792
8672
1895
9541
6061
2984
5961
8606
3343
3651
7455
1614
7976
3675
5066
8399
2611
4452
6827
9801
4787
118
3717
4964
6447
4466
9046
654
7703
7093
7274
7058
3814
6256
1803
122
8767
6
8016
9900
8141
5075
5489
5823
6508
6076
9445
1458
8291
785
1070
9438
9500
739
9968
4403
2937
2766
4248
8575
4425
8921
8041
784
4469
6663
8623
1870
3340
1947
6792
9519
2426
1906
7854
6989
7316
9353
2908
4857
3818
4199
5910
9469
9448
119
8310
9123
9922
3859
4460
7979
2568
7144
8305
4315
989
8381
8389
6068
8032
2202
8909
7725
6623
4217
3062
8337
1625
2078
8615
6437
2642
4352
4038
5775
5589
513
9780
9769
859
3711
1820
6985
799
1591
6231
5060
4834
6194
7405
3678
2990
6314
3035
9081
6378
4505
6178
7353
8108
4731
4357
7324
8211
7041
8331
2370
3942
6812
5213
7894
1986
1879
3187
1689
7936
6791
2669
2461
1420
8484
5522
1527
6145
3554
4414
2498
1769
2810
9708
6522
2314
628
8647
4136
6287
916
1581
9902
2743
1914
9745
9923
7087
4489
3290
9152
5877
35
1263
6215
5122
1296
5591
4149
7197
9608
1133
4221
8631
756
2804
9643
4141
7822
2679
6351
683
9203
4711
8473
9857
3382
9700
7901
4394
4437
3936
1265
4252
2230
8816
3071
1169
597
2710
2315
1320
9224
8065
8653
7007
4509
5606
2621
7842
640
51
7235
9130
5359
862
3083
2512
4311
7295
7300
5716
1223
2889
206
373
9989
4105
5277
6429
5945
7607
5373
4438
9791
9229
1394
811
6661
7383
7651
7111
9167
6681
3391
7615
5868
995
1077
5042
4416
6708
6560
7181
3761
4967
1751
6887
139
9232
9651
9441
8380
1911
6899
4508
9607
6984
2157
8497
5772
2211
9712
6916
7856
3305
3547
6903
5660
507
1419
1545
2064
2112
848
9471
1362
6271
2482
9740
6988
5405
4563
3664
4447
7460
1878
1164
1517
5337
7568
907
3385
215
7129
2063
4443
3806
7562
9878
4918
3281
4267
4662
8565
8
6739
8586
3194
9051
3865
4784
185
398
1314
9545
7511
7453
9981
7902
2672
1154
6425
8947
124
2662
1852
4277
6982
3244
2311
5078
1695
1286
8118
4477
8765
718
8416
2132
6968
557
3303
3283
5498
9627
4565
6332
495
3661
1745
4544
3280
4023
1141
9605
7899
4442
6010
3794
2036
81
3699
9254
4003
8826
9374
5035
7384
80
201
209
6838
3206
1132
994
5949
6154
1971
8154
6854
7065
2204
1731
4139
6075
6361
6591
1784
5644
6300
6440
2476
317
7025
4816
1819
5651
1120
6615
5397
6035
1725
5534
4664
4318
2137
4010
5656
5429
3469
6940
5752
1510
503
1486
6774
2956
4600
5049
7603
461
8585
7737
2560
1436
9726
8552
2854
5363
535
5492
585
8247
8102
3976
1615
3593
261
2719
9550
4943
9850
5806
510
340
6554
8123
8216
5810
2707
7925
3986
6190
2206
7892
4847
9911
2354
2770
7091
1058
1326
4306
8853
9199
7815
6829
6869
9823
4435
7689
3188
3515
500
1138
8665
4593
74
4785
6281
9128
5958
7255
9110
6149
9674
3574
5557
4934
366
4019
1406
5688
9169
7228
8294
703
2322
2207
130
3957
5437
4625
7391
9727
2419
9073
5255
1387
6782
5147
6857
1218
9699
8039
4076
1788
6277
7016
6602
3435
733
5263
4234
4228
6410
8772
3026
3444
9299
3414
637
5159
6412
867
2680
6168
9625
1644
7386
1430
1032
2106
2681
2894
9921
7457
76
8451
24
1601
4537
7606
8347
3732
9909
5248
2357
9594
3811
7442
5863
8020
5919
4720
9267
1252
96
8440
4564
7143
7785
3422
2988
5322
6910
2076
396
4906
9086
346
7719
3715
1930
387
6258
8169
6482
5937
1249
4363
7148
14
7101
4426
412
8894
3250
2097
7835
3362
2075
3758
8144
4881
9279
5178
762
6541
5432
4096
6155
6745
1313
7525
2359
8204
3809
6377
9425
3242
3094
607
6027
2155
5938
5595
5367
6890
3359
2532
3243
5084
7032
8996
6757
6392
9919
1565
9176
626
7081
4643
6702
5130
7572
9973
9581
3241
3832
4673
165
697
9061
350
7365
2150
1427
3393
2449
1065
6747
9321
8137
9137
1039
4223
1925
1738
9383
592
4672
9584
975
4972
38
7972
157
4602
8749
7440
4355
586
6744
6846
9615
3655
7094
6756
8694
6136
7533
8654
2721
6272
3057
8963
5812
6889
8638
7949
644
2891
3061
8776
5986
4029
1360
4210
7539
8636
5780
2966
4011
2583
6644
5770
2016
6241
6181
9141
6243
7701
5005
8713
1509
1163
9709
3107
7629
3953
551
3219
962
8368
2713
901
8557
1480
5495
7990
3410
9078
8849
1396
8546
7239
2774
4097
3118
1804
3937
9213
1434
3959
8372
7421
6706
8604
508
164
2035
7574
9887
8184
3077
2573
7599
6438
9988
519
7832
4575
8252
6967
712
657
842
991
6138
7998
9068
2055
3153
6021
5723
6270
7555
1305
5592
6775
8800
2599
7030
4963
3924
1088
666
2942
4818
5107
431
2499
4641
6801
2337
6008
6290
7907
4395
2456
8825
8975
7348
5299
9355
1965
6053
2293
4039
6721
5491
2775
5218
9292
5878
174
4122
47
4002
8917
6682
3481
9613
4709
8785
8367
4381
2348
211
5
3412
646
7400
5344
5636
3100
9054
8687
6900
8567
7157
714
8008
6687
3910
8725
4789
4753
4167
7567
6553
2039
5577
7018
5510
9399
4195
4776
4348
7161
7963
9221
3777
1114
9491
7351
6526
5124
9628
8018
2339
8378
4366
3580
9280
707
9062
6604
1001
4615
7676
5465
3154
6875
2820
9163
4146
411
1959
9588
2769
4559
4054
9535
9666
4289
1145
7054
5584
1285
1568
5038
5547
9024
4188
6387
4353
1294
404
6106
487
299
5175
3908
2239
2288
1580
2140
5987
1853
8662
3152
4354
4432
3366
4332
7548
966
7764
6816
1524
3701
1915
6936
369
2273
3138
2803
8778
5090
273
6723
1358
3892
8502
6821
1757
8501
4413
3808
9652
2013
9750
1520
8581
3820
7561
2010
7201
2700
664
3155
5006
5837
3805
2000
95
6828
9917
743
78
3540
6470
6237
4608
7786
5783
4238
4793
8598
2864
6343
8852
7034
8758
9053
536
6102
3016
5773
3308
1807
3963
4764
3498
8226
706
1208
4203
8744
4243
6923
1992
8035
5187
8865
2790
1641
5851
397
3673
4092
9363
2105
4100
5902
8533
6579
8428
9906
5612
352
7519
6793
2362
8258
7529
7692
4018
4642
5398
6165
6193
9629
6510
226
5019
8597
4083
349
6778
9188
4428
5895
5203
9683
5706
2093
4907
6381
159
1487
3630
9946
345
9638
3900
998
4487
2127
7329
4691
7395
1383
9039
2516
267
7870
173
8449
243
6736
5443
5952
1441
9877
8721
4988
4057
56
8448
4595
8219
4760
6398
3288
3770
8843
6433
6347
7402
2231
3010
7011
1031
4768
5484
9047
1009
7920
457
6405
2459
9380
5436
4885
9447
6222
9336
7696
8075
6227
4433
5482
6039
7165
6192
3669
6558
4106
6394
8784
4657
2723
3852
2586
2883
5653
7454
9164
3612
255
5754
611
2618
1541
2428
812
2651
6585
1268
50
5244
4930
3914
8833
3563
7917
3462
6600
941
1128
9101
5850
9820
6070
3886
3776
170
9281
599
7846
2542
8823
9293
3551
9069
477
6055
3719
1130
7958
6538
2446
6784
7408
4398
8469
9778
4765
2671
7305
7768
7047
7887
8862
9796
4312
8312
6148
940
8735
9381
1398
4273
2960
5759
7510
6073
5237
1553
8343
5419
5110
1341
3594
7342
9158
8277
1673
1309
3993
1772
1535
1582
2292
5100
639
8468
9591
4386
7237
9821
8346
6835
2022
2866
6309
4647
885
1903
9064
2363
3916
3946
4402
8962
1649
9003
7624
5047
5745
23
4940
6069
8388
5413
7089
2346
3490
6268
7818
8175
5890
694
2851
4808
9015
4751
2491
271
7971
8990
1799
8747
2865
1192
2554
7938
665
1049
1380
2548
9886
1759
4309
8661
3774
355
3763
8138
8854
7728
242
4467
1
7782
8036
8420
5293
2527
9041
3353
5188
9962
872
1005
9534
2740
4418
9965
772
46
16
4710
2276
9842
424
8393
782
4143
4207
9240
1489
9590
816
3336
4599
6003
2837
4380
1475
8128
619
3511
2355
1102
153
1275
7644
4648
9997
3822
1028
1944
3306
325
5957
2995
6202
7170
3345
6367
9757
5158
9118
7171
7544
5003
6633
304
8542
971
4612
5079
8949
3350
3082
7241
2020
6443
9286
8009
9967
7327
3786
2170
2502
5497
7819
3919
5274
7397
3171
9145
4162
8007
7637
8618
9547
2786
8994
3601
3123
8246
3347
1453
6359
2598
6530
5779
3603
3073
4157
1215
2147
8168
4942
335
5936
2558
3539
6074
8232
63
6423
9504
1656
7188
8296
6959
5463
6888
8215
5736
8471
7578
1143
3797
3131
2397
4546
7759
8338
4044
3177
8578
1976
3536
9645
5136
6825
8086
4165
4263
7911
6871
6158
6724
8410
2684
8907
9413
8818
7959
1084
2267
9476
7682
4237
7187
699
2909
2344
1887
5828
4088
9641
5722
438
3038
6719
6516
1588
3377
9026
2222
3935
1003
4091
5162
2316
3697
1087
5984
9874
6512
448
7521
2847
5873
3468
5963
6315
8012
7591
2550
1307
8786
1874
7374
4837
3643
2998
2077
5410
3887
2746
372
9559
4996
7953
146
2462
9228
923
6552
3622
1718
9815
9502
6329
1393
6292
5215
8010
4261
6960
2507
4645
9719
534
5360
6662
4910
3270
8486
1536
5476
6610
8659
6150
5353
4973
1411
3978
7184
1108
6211
5160
1785
3509
5475
8891
5018
8715
292
4978
5898
7275
9939
8918
8117
8946
2420
332
8693
8566
7462
3252
7554
490
7665
3376
2709
879
2485
9402
9568
7833
7863
5989
6028
6864
4128
6393
2848
7200
371
1512
2071
8092
3631
9860
4780
9289
4338
1146
2049
946
9390
9524
9417
6915
2551
3725
8686
836
6674
978
5607
2434
5190
1551
4187
870
7167
1262
805
1230
3736
9960
9529
4911
692
1699
4646
1213
6726
9467
10
7788
3344
8671
8574
5527
5072
6562
5355
3199
6247
9032
114
3451
265
2376
3301
6340
8340
426
4305
4468
7585
2832
92
6099
5077
8466
4327
195
3839
5444
3692
324
2763
4830
7699
7753
6689
531
341
3220
6998
5726
307
679
3309
9320
7474
9609
4639
191
4523
4401
5169
8625
7702
9066
7981
3611
2654
7169
469
7731
8591
4031
532
3726
7526
5847
8754
5753
7326
6840
5929
9898
175
5692
1603
3092
4302
4858
5487
3232
9673
1477
5632
7695
6788
9889
5425
19
482
3378
7390
6013
4108
4431
9268
2084
4448
3930
3230
5109
9009
4774
7149
6996
2906
7705
2509
1295
8261
5177
4950
7985
6617
360
960
4131
1076
2083
8847
5303
5223
8158
8313
415
2737
6683
4650
3102
3277
1012
6223
4660
8088
5774
1382
3426
9364
2154
9991
43
2178
2080
187
5678
2015
9848
4278
6892
2892
1452
5709
7906
5056
4656
924
3164
1817
6135
4420
8179
2600
1289
568
9928
8663
4533
190
8081
3747
6882
9004
2418
7389
9596
5256
9421
1793
4063
9303
6298
1357
6582
394
8582
1279
2699
9938
4308
7670
2793
5555
3065
295
3454
1851
4144
7773
7247
8951
1988
3982
5864
1316
2575
8998
9593
1880
3081
6843
85
6400
5362
3182
2978
3214
7068
3248
6679
8688
4202
3144
6695
9295
5679
4873
2715
678
5063
8298
6344
2584
148
5242
9347
7066
8278
9859
1696
5007
8269
9776
5992
3503
7726
6125
7360
5628
3698
1954
2257
7166
7722
2089
3549
5508
3502
8459
5206
1671
1050
6699
5846
2683
200
6904
9743
6019
8817
5631
2970
6634
3460
8241
4632
6986
8954
1544
6448
700
3429
5467
8029
965
5761
9647
8430
4341
1790
7126
2280
1929
9184
4803
6119
4014
8645
6199
9560
5346
4392
7428
8139
3247
8650
4198
8759
203
1068
234
3742
9389
8710
7013
8024
3300
520
2033
4782
3114
4072
6809
5513
6895
432
8805
7446
1210
8782
9370
8001
6574
59
8884
3647
363
4283
4529
3658
6711
1727
2295
1687
3981
4878
1791
5428
3950
3642
5214
2508
7995
889
9513
9371
3370
6276
7223
2484
1344
617
3941
1497
2385
2522
9659
4970
6034
2091
2533
1734
3917
1670
7515
776
5563
7783
93
4464
662
902
9756
8540
1470
5687
6212
4845
3564
4994
6504
8984
287
4511
2973
912
1476
8620
1083
6797
1092
643
1147
1298
3090
7224
7684
1622
1089
2383
7325
5246
3425
9597
2439
7793
6089
7806
5708
9236
5603
9870
9388
3807
7553
2294
502
3879
1174
9252
8003
9595
1889
8353
713
6391
1468
7840
4825
1156
802
3866
8217
6962
1243
874
9310
8083
7657
3768
3731
5157
2323
4570
8539
1229
2189
7967
6236
2663
2061
3932
4180
938
2779
3556
6006
5725
60
8227
6853
2081
6005
2220
8352
5243
3198
5865
951
8354
5743
3984
9052
2867
5611
4514
499
2416
3666
9442
2238
9245
3882
1726
4296
702
6172
730
7895
3722
2181
9827
3268
112
4534
2840
2921
2734
6497
4917
2795
6318
4638
6273
1280
5642
3397
9159
3625
5972
4987
5809
7226
2523
7493
4274
6561
2356
5733
6184
1897
9042
3520
8640
1855
7321
8034
8888
1823
4048
732
821
5116
6058
6336
322
8576
5729
1692
9575
4266
6743
1657
5559
1170
1404
1121
8362
2242
6228
4147
1967
3748
9076
2342
2480
2557
765
6596
5351
853
1253
3920
6255
7373
9838
2058
3251
7146
5183
8871
8855
4829
573
154
7458
7771
7445
5324
6357
5617
9882
166
3204
913
5802
7549
773
680
5441
3053
6254
2807
9738
5388
1730
1676
5117
5505
3381
3610
5836
3354
6754
8068
6152
3449
2645
2187
8230
9505
8188
5375
2541
3022
4121
684
2783
9512
4690
9812
9453
348
3271
8377
3906
8524
2934
7291
4494
3791
4629
3635
5797
7095
9211
8054
9731
8997
7767
3724
1304
7500
5204
4515
3868
4812
806
1744
6718
8233
1378
7490
6484
8190
5389
6151
2595
6265
6208
2350
8912
9182
2423
8821
2698
8444
6700
6680
8982
5871
3028
4012
6414
2868
2390
9725
4084
981
2725
4924
3458
999
3862
4914
5535
7983
2778
3735
7762
189
3084
2148
3278
820
5456
7577
2735
9834
2796
3899
6210
5478
5106
5796
1833
7471
8303
8119
6500
3043
6760
1287
4694
8454
3052
1414
2744
1728
6729
1933
3945
9153
2632
4701
7194
2650
1945
8493
2261
5746
7804
2711
4163
5928
4291
2606
7756
6628
3695
117
1710
6627
4923
9724
789
1815
898
5369
4532
7026
2569
3398
5099
8323
4962
5273
3200
197
7934
2617
2382
9765
9979
9485
1444
178
7463
8562
188
5650
5471
1711
296
8905
2687
3925
9411
8159
5385
6896
915
1811
9350
7994
8276
3018
642
7132
6177
8934
8255
5964
288
199
8176
6655
5594
8503
3115
7862
3637
5573
9157
2977
3166
357
151
5715
3855
7501
3203
1274
3059
2185
2392
2442
3659
5819
6952
9822
7377
2234
8983
7801
4340
6540
7590
5439
4045
9723
6863
301
486
7105
9426
3629
48
9384
1116
6163
7407
5221
8707
3042
2733
7142
9090
3294
1531
1593
9958
8297
5861
8485
2368
1374
3702
7923
2932
312
7050
3470
2692
3491
7778
9841
6576
774
2043
3456
9875
7851
3572
9685
6908
9787
2528
4474
433
8284
4747
3417
4081
8588
9751
3819
3966
5370
9472
529
8156
5251
8131
4859
4792
5586
6950
2432
3856
8511
5415
2378
8756
2417
6568
9653
1099
1237
541
5689
2395
4969
8201
5668
4148
1923
7117
5844
3419
1159
8919
1349
4230
264
566
4915
7434
5357
2151
7259
5309
9786
2504
3812
202
5526
3078
524
8250
4183
2989
9883
4050
2682
5971
9824
6605
8244
4090
6244
577
4186
4697
2585
1928
7872
7518
3135
150
8438
4658
1894
5735
6933
8931
4977
9151
4129
512
9782
2675
3256
6524
1227
8573
4947
3617
3505
9197
4062
2646
9763
2131
6649
5807
517
4231
1548
717
976
5457
2143
6098
9565
9777
3105
1187
9495
813
1538
1681
6417
9099
2141
7969
9705
1142
2571
8300
7465
7871
7748
8624
6126
6845
2079
6712
8556
8221
8048
6085
3513
8383
8242
970
2992
2658
5719
6157
101
2537
2742
1460
7787
4542
9634
4191
8316
3472
1196
1841
3312
8599
4617
7811
4009
6355
2805
9131
4334
6798
6011
5461
9546
3542
1991
7410
4884
7078
8112
2477
9912
6943
4132
3848
698
3168
8639
6421
7372
3482
4101
1166
1902
2979
7433
899
7371
5102
2535
2788
7779
2655
7653
7744
7208
6218
7012
1431
5834
2467
4854
9466
7124
3877
7051
2085
8121
5558
2940
2961
9908
5284
2136
2712
5717
5994
3411
5662
3325
8330
7040
4269
2592
5856
7469
1846
5798
1466
9382
3992
8234
7427
3327
7028
2331
2952
672
9798
3546
8236
7608
6704
7666
1608
7152
8028
6371
4492
1175
3310
71
4473
3044
3380
2627
5580
6525
9481
1033
7669
6991
2011
7642
7824
9241
5356
6267
9977
5341
1832
330
4041
1464
9366
7827
1640
1633
9612
216
3754
3413
7704
1445
4871
7074
9473
5777
9372
179
1876
8272
5916
1805
925
343
2479
3881
7602
44
7404
2330
4488
9896
1399
9728
9694
5328
8271
1291
1412
8254
6707
977
6001
5624
2994
4745
5734
9338
5690
3276
4372
8796
4245
1893
5525
5862
3729
9799
2218
2858
1989
7154
7438
3202
9023
3767
4820
7084
310
9543
7735
6038
7509
876
4909
8858
9602
8738
4393
4406
2726
9102
3361
2165
2369
9657
4362
6302
2590
5785
3967
649
7991
2413
328
2885
417
3172
6802
8146
6186
4390
8363
3516
444
674
5786
5306
1827
5287
2653
4384
8206
2949
9181
8736
2572
9171
4538
1609
2841
8365
6240
547
2164
1516
7366
4958
465
1338
8987
2088
1254
5676
7742
7244
6807
3148
770
1597
7633
2856
3167
7467
4000
9016
2172
7345
9915
7450
3208
5901
9490
562
7411
9853
6684
5141
1317
1216
5914
7693
7
7882
9392
1321
7265
9029
9845
5186
603
4735
6665
7916
5135
5824
6495
390
4383
7394
1311
9813
9771
6749
1635
2751
2544
1916
5074
4722
3286
4738
5059
8099
771
5238
311
7210
8548
4424
7233
9807
4929
8106
1620
1775
9571
8000
3764
4441
6221
1389
4619
4055
9346
9261
1951
8166
3824
1691
9598
5911
7716
4300
1167
8110
7864
8728
9006
9976
1250
7630
9243
8224
9129
4377
661
1532
6220
428
1624
1193
3947
7191
3409
6478
6751
1144
7829
1534
622
5621
8357
1469
9139
6768
6529
239
5459
910
4497
533
2543
4823
9677
6144
969
5830
8941
6509
2212
7162
6325
6492
7761
8125
5883
8885
7222
2964
7284
2475
3971
4560
8908
921
8691
832
4901
5941
3383
5514
3558
3264
7497
379
8621
1433
5051
8334
474
1839
1655
4932
8970
1674
6096
6948
6656
8976
4863
1161
9806
5740
4948
2412
8572
3844
793
8512
550
5407
3302
9294
3800
8634
2046
696
8149
6461
5648
9482
5452
2574
4822
1413
4541
3660
742
8799
7179
6836
5843
3471
3479
5358
3116
3080
4307
5092
9193
9124
7137
4040
9204
6803
2622
6229
4225
3162
5253
2225
1836
7563
3773
3358
4391
3974
6534
3263
8696
8100
1686
7403
9025
1457
1409
3854
4869
3267
6159
4211
6592
6466
6366
7216
1543
5096
3001
2198
5913
1035
1518
1611
7641
1626
2042
8651
5481
8601
9478
6932
1908
5593
4189
9262
3834
5521
9978
4689
7357
3801
5970
5887
8902
1391
9097
8387
6787
3485
275
4422
5918
5699
5212
9455
5905
4405
467
8536
5008
9072
778
4935
7070
1097
3176
7508
7896
8660
2993
7483
5392
5904
3694
9626
9401
2702
7556
5061
2729
1982
9326
9831
7790
957
7671
4624
3253
2186
1179
2329
9035
5396
670
3063
4706
2406
7315
2094
8396
8160
5921
351
7268
256
3543
4661
3147
5174
908
3588
7130
2857
3766
4815
2111
6496
7014
5633
9528
6811
3008
8114
8288
7447
4783
5023
7328
229
6090
3014
5345
9071
8140
1892
3501
4130
4708
6849
5996
6349
3388
2753
8405
3987
4182
8762
3835
8732
8973
9990
5645
9219
442
1783
4258
6817
6304
8046
6175
2567
3739
8944
4323
7113
3608
2169
850
6666
9435
7860
133
2258
2878
2040
3997
6097
6511
8339
2659
6851
2539
8790
3401
6052
6795
9172
4059
1322
9987
7292
4951
9580
6922
1754
7850
2279
9331
9253
5622
1328
3111
6955
9037
7791
5479
8109
9644
7352
8097
1756
5286
3201
6206
5416
2874
8051
4256
2676
8526
5803
4992
9454
6024
4726
7691
441
5857
1521
4606
9296
3581
2424
1178
7927
7098
470
2227
982
7199
28
4446
6147
4303
6121
7821
8810
1663
2458
1026
4795
8356
2624
9964
9458
8822
1660
7004
4712
1115
9985
2944
5451
244
1943
911
4008
1029
2124
5295
7213
149
7102
9012
1482
7794
2488
4216
102
8793
6810
9079
4135
1171
5995
3436
2162
7781
2002
9017
6806
1248
5052
61
3639
4472
3195
5460
2773
5999
194
1002
2677
430
2839
1139
2903
2536
4983
1438
6598
7056
4543
5820
4351
9092
9569
1177
8729
7264
7711
5791
9136
2450
5546
5111
9449
3884
3640
5933
7523
4936
8701
1583
5434
3448
7370
8436
6326
8746
5153
9624
4761
4293
6133
3216
2116
5639
4687
2394
9019
546
7817
1573
953
8162
8222
4344
955
6929
7128
757
3605
7681
7118
6979
4603
25
7449
2109
41
3464
1679
6195
7160
3212
7873
3772
4360
1397
840
7202
405
9048
9117
6407
6301
3346
1913
4451
6535
3140
6769
9246
8238
7609
3428
4033
4567
382
1245
6050
2859
1747
3851
8320
5068
1010
8189
1567
2328
2493
5269
844
9290
8881
1101
3989
4997
9345
7604
4155
6820
4724
763
9142
298
9339
1715
7910
3173
5151
9552
8529
7358
3619
7886
4955
589
2639
8723
210
8551
1204
8857
8113
3590
4913
2556
1449
5960
9191
8172
6489
8197
6358
169
7112
5953
2896
5196
422
9270
5940
1645
6924
7338
615
8411
7086
8409
8030
9944
5339
8868
2324
4536
8814
3621
8577
6648
4290
8196
973
7634
3938
389
8487
2213
8846
2037
6494
3871
5291
1225
2819
39
3088
1090
7147
3351
9180
7948
2633
6110
1818
6115
5393
4244
6321
5499
801
4746
4982
53
7009
1794
1634
5155
7251
9805
7393
5718
7122
8877
9737
6465
9202
3108
6428
5943
716
4109
6501
5265
9214
8431
7576
1862
618
882
1257
9134
6969
3534
1632
7876
5296
2
9301
2614
3112
2190
6235
1888
2929
5307
232
5663
7668
4337
408
7540
7626
7805
9931
8002
4589
1157
8520
9554
6920
7183
5431
6246
2469
2844
677
1860
4883
7746
184
7593
5507
3665
5869
3341
4161
4824
4755
8611
9508
8530
3525
3158
6310
5524
8915
4482
8419
6539
9317
8319
8103
9309
6826
5374
6619
4286
6463
3751
1425
5523
75
7256
8465
5705
1861
8971
4952
1205
858
5838
7212
584
7826
1822
7700
7043
5152
8613
4620
846
5881
4931
8223
4099
3864
6556
9861
5488
2836
9360
9226
6755
5281
2278
7613
3443
3259
9904
90
2386
9790
3261
4193
8056
2755
3646
2429
1410
8809
8861
8376
7494
2108
3055
9835
6033
591
1233
7270
8270
8748
4678
5841
6103
6808
1932
3985
6613
4899
321
2196
5343
8988
1228
2893
4071
5179
7617
7283
126
7933
1408
571
2552
5332
6914
7628
9022
5412
9862
3186
4285
5435
9093
9809
3628
6902
2996
492
4504
8903
5123
6919
8898
1073
3849
6427
8681
7412
2226
5516
752
9611
2898
658
9050
3512
9418
4568
8836
1025
6611
358
2603
5464
5073
5537
1678
8336
7052
7962
6376
8740
4953
926
5879
9621
748
8344
4320
1293
7535
3262
1499
2347
9283
1407
2628
9592
3799
3888
7867
1429
7008
3679
1919
7104
5698
5741
5129
3020
2008
8391
4675
7843
6036
9332
2513
4281
5795
3348
7236
9816
4123
1123
4839
8708
575
2736
3927
2123
5421
877
751
4979
5541
3861
3209
9794
890
6907
1808
8828
3870
7215
5866
1353
1180
1646
6266
72
9792
9174
5575
7667
986
8351
9952
9459
4397
9154
7559
294
514
4262
3086
8021
171
1241
2608
4142
9516
4640
5757
9742
237
6620
831
3396
1630
6771
2564
746
4999
6720
7307
8986
851
9487
5985
5661
6442
4350
2365
9344
3872
8317
4727
9452
3192
3311
5670
1082
302
4995
9429
3907
127
6288
7683
9194
2431
5565
727
4831
8716
6385
3837
3408
18
8666
4743
3368
4037
1214
2821
4457
8033
9369
5222
9057
2130
5043
5048
3012
7063
4669
3441
7385
8452
3928
2410
3990
7627
3221
8839
4956
506
2107
7381
5638
5737
8364
968
6370
7301
6225
3688
9464
6108
8412
1446
8911
7587
7909
3075
3527
1977
7472
4175
8783
9678
4583
9248
8453
5406
8198
249
1956
1665
1647
2024
7085
7677
1269
1705
6505
1153
9563
7816
3829
8321
6451
2911
5440
1335
17
3363
9335
1246
6858
8760
7828
274
4558
2531
3901
228
8476
1972
6856
7996
857
1096
9121
7943
5233
2281
7266
2171
7542
7605
5814
588
1912
1402
2731
4172
1927
3575
5454
4399
5562
3904
5872
1901
6622
7738
4250
4229
2534
4922
3015
8958
9150
2217
368
7639
7432
6883
6690
8602
9033
8957
1697
5892
4777
2427
2987
1342
7415
4742
9506
1703
6934
9208
4771
4047
7592
7380
2052
5756
5224
1247
9165
8633
3609
8632
4463
4260
2910
7099
6000
8050
1968
7999
319
3680
3379
1415
5108
3486
6160
5144
5278
2690
4748
5424
701
1337
3070
4317
9287
9557
1899
3606
3949
1825
8463
5813
2153
5340
4104
528
2219
8938
2144
7230
4060
5455
2829
52
1741
476
1886
6015
6066
1451
9864
6056
498
9855
8559
7855
5765
2152
69
9168
4866
2403
6092
2887
1066
9341
235
6473
1801
8398
8193
5991
3962
7623
9396
5275
1405
593
6043
4653
8820
2636
2562
7757
6722
5548
753
8579
7116
4316
120
2259
7545
6118
290
4190
7049
4704
3583
5907
5121
5620
6693
2974
2738
8630
2245
196
5713
9951
5170
6183
3841
1592
4204
2156
7485
3550
4849
5681
7622
6426
6565
5097
9520
2146
9631
5173
9646
7957
8116
6488
2398
9963
147
8004
7687
5093
5055
2546
8089
7866
1514
7575
7430
9933
2765
9680
6767
2221
1683
4586
7350
8492
8880
6879
6071
7690
7426
1160
8916
1831
606
1606
5154
5145
45
9749
5665
1392
9499
198
2126
9589
6536
6072
863
2182
7067
4236
5076
7304
1363
6238
2298
8248
9844
5069
3275
7903
4500
7845
8935
6111
8417
7332
5935
1668
7193
854
6642
481
6589
3671
580
9420
5301
7852
9443
5082
3249
1542
6515
8910
2160
4607
768
4347
6833
602
9746
1896
2307
9717
5378
7720
5630
9768
5925
5515
3369
6297
3895
9693
3492
8500
55
9785
1843
1042
1980
9869
7245
6285
4051
6819
3324
4415
6123
7369
5634
2870
5924
4445
7530
1282
7151
9648
2208
6083
6295
1331
855
7108
9298
5616
7859
5842
3433
5098
8073
7125
6671
7710
7057
9773
3072
3032
5311
6409
4205
2401
5189
87
2811
1059
1946
2828
9185
2017
1288
3013
4440
6789
253
2581
6855
3109
5571
181
5404
7361
9585
2336
9999
4133
4053
948
7059
7055
361
437
2823
5965
7796
7505
410
2626
7478
4194
7982
6645
5817
4035
278
186
5790
6987
284
4427
6100
4154
9045
3710
3595
1771
445
5839
250
3830
6198
652
6972
3616
4169
8228
8682
985
4004
7579
8087
8953
3097
629
8508
141
1796
7495
830
83
7203
5168
2003
6261
1984
7140
3048
94
964
7392
1838
1037
4255
418
483
4676
2464
142
7313
208
539
6291
3823
8439
8124
9195
810
5030
9306
4775
7730
734
1034
5200
1149
1240
9196
1909
9386
4254
9706
5654
1021
4007
3189
2506
4850
3330
3185
8777
2797
8561
3322
9947
3239
5609
5230
9819
8235
2931
5070
8014
2006
2594
3125
9521
3802
8040
3424
1456
8674
3779
2341
4444
5912
8324
9930
5468
3867
8571
2121
9852
8824
3624
9895
5704
9234
8264
1020
1970
9218
447
3815
9373
9707
6179
2453
9161
1789
4417
2335
8516
4754
480
1812
9929
7022
6339
9811
392
4749
4056
1319
6983
2433
8543
5259
5025
2812
6993
7847
7189
6082
8349
660
1191
9084
1558
8335
6906
4176
949
3531
4867
257
5799
2321
6877
2576
9948
3320
8329
8815
7504
4571
3752
378
6503
4015
7133
5381
3453
6590
7688
5614
4879
7769
7164
6834
107
5536
7797
9733
7596
9956
8570
4939
8069
1865
8527
429
1491
8098
7090
5968
2497
2025
9770
864
6781
3746
4566
1110
9225
8684
6518
3553
7678
8563
786
7119
2861
4522
7145
459
5561
3500
990
2445
6303
3416
7978
2053
3211
8489
5320
7988
7323
4061
7724
787
996
4126
