137095
83725
86059
118488
-19370
-55632
-26882
-110733
-54008
-133347
72284
-62799
106875
3662
-109012
127613
133879
57655
-98814
-5930
139920
-128946
-62103
-116593
-148406
-135232
6223
-85448
-82372
-82105
146883
-54520
-47128
110016
99511
-41904
-132782
-124360
8710
-114340
16671
-86666
-128376
-94286
-38933
14264
-145467
139182
82755
-87023
-14185
-67628
55642
-143452
58623
63403
138832
-101267
-93790
143443
-133925
112277
5790
90567
-26086
145138
131189
30172
-126600
127057
-78940
101497
100391
292
-28246
-137567
40191
-20996
-84671
-94668
56035
-41018
61008
54058
19512
66298
61499
-40098
34843
114671
-44622
-148353
138531
36908
-83218
-5056
-124814
-58596
147998
-143413
-63149
-16150
-98731
41858
-96487
53773
-27848
74298
67446
-123927
127097
100422
-109609
66719
90894
-103526
90470
110164
-146998
-97425
137951
29195
-122087
-69946
-143352
141894
-86295
3480
55129
-80640
71083
39920
11582
83719
149042
104921
-11594
102444
-50968
-19403
16113
132930
-109031
141774
58517
111064
-19003
-13489
-149934
145825
-84631
-149135
-47368
-4189
28858
-94659
108913
-62223
-77497
-94404
76413
-45368
127729
-68655
-99699
84394
52637
2815
121540
-40534
99690
118610
107107
112606
-139980
-38012
-54735
91012
131673
116918
-9231
53764
113677
-102442
69012
-129088
62935
-75080
-59956
109950
-102575
-51397
-131673
28578
-41442
-108722
-40398
-40494
-108907
-60286
112651
-17779
17482
-62411
-74540
-54565
132510
-57621
39368
50493
-25411
28612
109802
9516
61729
19053
-58291
-38881
83967
5498
100260
72732
45884
-58096
1206
-145354
20781
111550
-76629
136303
-133393
79557
30309
91390
-66470
-93698
85316
72332
80727
47613
40647
70826
7353
12671
58032
-31588
-85634
29720
76470
75941
-85483
54214
103967
-12223
-56364
-34370
127611
-41377
44116
13710
100954
-53388
45571
46340
69947
21519
-1001
-5836
-74967
-81696
37562
-136854
-142567
-68624
-58707
-143528
-68734
104945
121412
-130122
36866
-63205
132875
76482
110776
36768
-96389
54818
40108
109769
20396
52764
-103163
91422
82035
-122562
61716
52693
53731
18673
79876
77053
51725
-49888
3914
-87897
42381
137996
-24927
-34887
-124400
67840
-36840
-88340
-124005
-75513
-114334
81432
-139286
-148833
70744
64032
130761
71623
-8940
-131128
32556
129879
-56773
143094
94803
-15312
19208
73473
-79060
43817
-92451
-130616
87563
-28989
85719
85632
-124146
58428
-98363
1982
-115060
125924
6877
91883
52943
-140568
-90485
-18048
-89931
121034
33594
47271
-63615
-139711
-21731
-37034
-136649
48807
29435
42282
77929
-103682
119851
-45354
124938
-119857
6370
20533
-98839
55584
89236
-82796
40950
-63393
-118770
136951
-22023
129597
49900
25699
141244
-28954
-68556
122536
10377
-25421
53314
79570
-96624
-114894
-49472
63277
44352
-96460
-69973
-124344
-123522
-79321
90433
-10009
-77314
72726
19781
103450
51135
-85504
-45610
-21609
66812
63193
115267
-106039
-133260
-69560
22484
-38630
-109826
127794
-65105
-119820
23170
50723
-119932
-5646
70764
-81861
-37574
-98848
76520
-14518
-24451
-66147
62683
-63838
100419
71638
-1324
-98896
84898
7704
-10437
-131431
113081
-40824
145970
-21766
-141265
-11009
-116592
-95429
41148
138995
-115107
53043
127895
32794
-46130
117195
57510
-16466
9650
-128644
124535
-96153
77959
-126412
-67233
15394
136423
37805
-99296
-66854
-32378
-146402
48229
-136239
70547
-36005
78949
111230
357
20487
23108
64527
112670
61523
102042
-117365
55274
25077
70842
36925
-42043
-89117
71869
-39055
43278
65834
-66901
70138
-32591
43097
103239
123333
-127242
-2510
98196
82850
79383
-16727
-17572
-139388
-25059
-116660
13086
9089
-121038
-55118
102657
80979
-68787
-79003
72035
145508
24383
99397
116250
31437
-77324
130552
-64265
-26978
37510
33491
-145842
-132009
81415
81670
-18106
73248
49095
80807
149198
144998
40287
-145329
142938
5575
31747
-15479
123595
25679
105366
87714
12719
-3179
22495
40220
-42184
126524
-34229
142347
-61161
-47910
137801
-5058
83538
-83580
-127699
128035
112436
104740
-120647
-96240
103914
63249
43358
-93299
47970
-69308
62093
-12104
-24005
87791
-130045
78663
7774
-28410
-114475
-140566
53995
37310
-129081
-59483
109037
-91160
128235
107279
-90820
72003
-10396
-17912
-92991
-65076
107039
52734
-133037
13838
11480
-49718
3040
-85813
94289
-126863
98002
-108477
94558
113167
28751
-49533
88455
69416
-43219
-63039
35041
56650
5573
99287
98934
128063
122212
50756
107145
60580
10317
89963
-149227
138534
111469
6354
-42142
49810
115734
13737
67832
123741
-36458
-127267
28741
5184
-139891
-131876
-116859
92109
-96037
-56384
144552
112390
63826
103144
-100225
45244
-39092
-62945
-83672
-109819
-48366
81677
53840
-3730
86502
17981
-104417
-69660
126047
15962
116992
-41148
-29296
-140919
111391
-94662
71114
66208
-34539
-8288
-54917
1485
-102054
-43737
-98809
107627
-87585
117081
109090
-108353
47763
13887
-29491
-20589
-4516
82504
-51201
61020
41997
143086
28651
102419
135825
39842
9041
52350
101105
33475
119971
66207
69353
-122363
-39322
-101063
21747
-40553
75634
72767
-78800
-44734
82023
-56548
-90072
-66953
-105241
132533
-62549
-101558
131863
-42101
-61307
119495
104629
70394
89997
70043
-1144
-47465
147461
-119667
29892
1834
-29825
-101164
129007
116011
131981
-134284
-104237
-17048
-40967
-108036
56471
131284
31357
-33556
39478
-65115
-100201
74086
65837
-1172
149829
-62030
-34239
141438
71737
-57970
-118942
-48197
117086
72542
39725
-51579
-9807
60273
115491
-123621
88270
-125701
-109660
99248
76953
-31587
126185
-135518
-99276
113285
86157
138792
-116360
-53409
140393
-9824
61431
35683
-123189
-46741
-76771
-120980
23357
49265
-7782
57807
20353
110721
103222
89497
100029
136149
-130602
-104024
-8024
-376
-133566
-100739
64555
-128836
73960
-996
-130001
-68242
-3256
-97325
131771
-132257
-54221
-23189
131276
-147684
-146286
-48690
50418
-33599
-13278
-110009
-118189
-42410
-42271
92438
29106
-78637
-140985
16013
39220
-3194
-90259
-47424
-22424
76337
-50542
104393
38381
12154
45984
18605
-114900
53851
104162
24824
-59808
88471
25938
-28459
-133950
-134608
-29913
-128719
117322
-17305
-59446
-141264
60980
127759
-73588
142954
69917
58267
-82001
42296
119307
145308
-52777
-115632
-10051
128747
137932
84910
-24182
-21472
112740
21321
82112
98478
127619
-24007
-140382
105237
1779
53913
14629
56315
-8933
-64459
125640
52037
111772
59505
124664
41977
-28800
8690
-98635
94236
7387
-35543
86107
98863
46451
1822
-112528
-70055
129187
122531
-79049
13183
64090
-121229
-119141
-102058
-77606
19917
-69399
79295
-109103
38425
-110407
14990
-86851
91757
60894
-11344
-61695
23678
52292
-21619
-105282
135889
-114516
44118
21111
-65919
-100130
59694
-140696
67435
-6846
14624
-584
-46286
146052
90798
64071
-2385
112364
-87537
-123155
-111562
122435
104385
-102991
145112
-86207
-104409
-102651
-6833
35975
-23703
-6460
-37347
9511
-135156
99871
-132682
-131058
113443
-105335
108328
127358
70053
-94299
119731
-16462
-17264
-132910
20135
-58171
-61994
-112503
-119218
65958
53623
76866
99316
-51059
10572
-87217
44726
139039
120452
144960
46591
6156
-133055
103728
94171
-44636
-107286
-24526
16764
39754
136117
-87736
45810
119226
144910
19567
-118302
-59726
141295
121888
-141286
80664
44129
115513
-18054
-75559
-123847
-77506
145006
-124648
137699
17607
-13056
131170
-71133
139591
85583
-78109
-96479
-5683
96767
-26822
89320
31515
146818
1488
90947
129525
96789
-61043
-39471
6349
89391
139025
147909
-36396
-26666
80183
856
115190
107080
88481
142684
29563
-147186
-42109
18041
-147716
75142
144891
136839
5898
6973
-80114
149300
9171
-88660
-77266
-97281
52847
127583
-136497
-101784
-46442
66543
-9289
30729
114530
30619
137329
23905
63133
116504
97281
-122116
-7650
58269
129102
86418
118606
116521
-65020
-38005
-69227
93154
-100984
-46625
98324
-88867
-29368
-127601
-132916
-55035
91434
53550
68194
42425
-135450
15941
-76923
-58201
143680
-95784
10434
131126
31441
110601
802
-63006
-75351
-130321
92680
-67527
29070
94757
34655
-8016
-26753
81396
-68812
-95710
43834
-63361
-85845
45659
122121
-7625
58511
-111987
106328
137937
-21053
-84666
-8704
-36200
43956
70774
-73767
127318
-149075
125933
127005
32409
41461
-101045
-134803
97972
-140269
-1448
-11624
-67576
-130951
-139618
-30573
-90379
32844
-31905
-60483
-49387
138371
-83111
-5314
-103674
-72502
-55776
-54887
47333
-135223
110347
23830
54249
-76594
66525
-15667
-16279
140227
-30736
-121034
88274
84686
135335
30384
-11220
-96728
1222
-121350
-108901
33532
123720
-106691
-54075
61790
-86459
17805
3633
35874
119196
688
37764
-82062
123351
-129854
-5444
66966
-121414
-77002
95350
-122078
-149362
-126026
-135074
91771
57562
-13589
120377
-45837
41500
55943
-83476
-17823
133852
148083
145517
-142473
17200
28039
23846
-99726
-60650
119873
52285
-26126
-73962
50165
17349
95458
73509
105463
-70861
-21523
10433
87273
-13680
110833
-18066
59835
-81602
-676
-4170
-1531
53298
58704
-57107
84225
67340
-89200
-114981
48611
108869
-44945
-80003
79222
-132149
97286
124319
-14392
71045
67283
101633
140086
-140025
46162
-95893
-107844
-122795
79906
-27681
52941
-39241
87197
136260
-64563
-22904
81287
121482
-44219
-139287
10026
-29481
-109938
-23170
119252
-79343
81619
88025
32168
-89010
22425
52753
6203
145336
85572
-87252
42516
103673
60214
7791
66889
131062
61396
145254
-21288
-139786
92042
-81644
72716
99848
-84644
-48826
-138637
-125583
-35359
-11450
128299
30231
-116376
-30843
23927
-10626
61712
-123371
-13823
-11966
47378
-133406
-132107
54825
91547
-26705
20742
-94898
76291
21006
111310
-21704
17069
85132
-8068
-130267
25575
71708
-105932
-24021
-82061
77201
-33460
39775
-113166
13290
27426
85519
-114859
56076
-139746
-24117
-574
14623
-82457
77109
25425
81734
-74741
65121
-72981
-136988
558
68444
-82831
58373
-56288
72409
-109538
111168
-35957
86070
19214
139028
122178
35053
-97562
100109
110984
-111107
146248
-63167
23403
148826
30837
81303
-85503
-144142
3475
-118644
72213
-7807
104059
113184
-131695
796
-139381
99160
4069
-66380
-72108
59506
-16473
130468
148269
-53223
48062
28103
143474
27489
-129481
137369
31171
14994
-131598
-20799
103994
96490
-63193
125619
148525
59431
-57899
137546
-104883
-127339
146358
-10662
-100032
59881
-31158
-101655
-8763
79887
92495
-74344
148883
-93455
-5019
-133136
-19260
80602
-53101
102380
108769
53152
-42691
132010
-31247
-3067
40878
-97883
-55078
44969
3656
60410
-146886
-111974
-100954
102788
87608
93612
47384
-75955
132089
-6859
-111858
111197
-126024
-78702
-19435
6388
-116735
11162
-92949
-52473
-136079
83957
1043
-5747
-87911
-126175
142566
-42585
93612
57632
-84625
-116576
-135627
-46036
-84614
-107022
-77741
110733
-41162
61685
115616
108260
119945
21952
56971
83086
30787
-32985
-25507
58787
107167
16573
-12312
63098
5928
-1591
49708
31711
-34178
-35689
84668
17763
79625
-19946
69827
-106377
-140422
14836
96071
63360
76656
51926
-85306
-146713
-20086
-5557
-13897
-112372
18030
95562
102582
128904
-110450
-99559
94417
-102406
-115466
74954
45680
106071
112885
-43696
66305
360
-106721
-95115
-38759
-147402
15319
35254
-24106
112363
144424
63186
6394
-47802
141222
7616
136029
-110110
41983
61234
-88506
79836
17345
-10714
48313
2441
-43119
-78909
80622
-8570
-19170
20915
-147186
-93171
105524
-95774
42972
-86101
97939
68357
-149177
147652
-59933
-142084
108116
-140498
62668
-29241
81610
-144597
113095
6526
116257
-84103
115599
-105576
-1874
114674
-130775
37781
-88533
-78928
-140487
-122184
-74008
-46505
-66684
137532
-132518
-129169
102857
-88581
149382
14913
-37376
7413
8667
74456
137066
40787
140946
20624
97699
115265
-78448
5592
-63494
-34273
781
-20809
-41752
109283
-63421
21141
124126
108851
133683
-144516
133616
-137152
27421
-84141
56133
-138431
62826
55971
-84641
44425
-110676
116661
-97098
-118543
46319
-106641
53639
-48390
-76258
52521
23137
-82802
-9523
-26733
-144115
25610
-97488
-74033
-46496
24068
-43003
-2945
26364
-18553
149568
-51282
148603
-69005
-76808
-5826
-16656
62517
-34162
23745
-124007
-14005
82326
32061
-123788
118470
-77250
-99360
85190
97271
-63323
-64414
-22292
-10344
-63541
139785
-55978
-12166
-91670
89798
92553
19583
82587
83359
-140716
22485
-118202
97190
-149378
-49669
106501
26273
-4546
-97877
-98812
97471
8939
-45470
-36809
-57451
6642
101703
117981
121703
141375
-67241
-75425
-94060
-105749
1675
-137286
117167
-15752
-76727
21377
72709
-31287
123071
49715
109029
6526
-38755
-64795
-145503
-126671
-29741
-56140
138204
92611
-73599
-70361
-83015
-95431
143903
-94587
-139801
-75211
-25891
-104746
98221
-57995
-80286
116828
54170
84797
-40522
57020
8930
31067
46640
-33013
-118745
81430
-113409
66551
-58304
-67903
17610
-42157
-25361
-5325
76141
-59531
-37067
88061
34566
-31151
41315
24765
-18946
-100002
-127719
105581
-85549
26805
127205
-105084
71956
128267
-81982
-139932
72912
138355
95049
28829
-4751
46779
-97898
147362
-75366
103880
51332
-33305
-125890
-47804
8630
25992
87196
116226
-148067
-135521
-112921
-39515
-7742
84978
-115605
123362
25358
-27798
-35333
115369
108823
-113415
72315
93896
109493
120068
138898
-124575
-125146
101511
65489
-98650
-36127
-105130
68195
102916
-5425
49169
-49098
-83966
78379
144508
-40934
-9452
23784
38064
32058
-107479
26826
-74906
-9520
121201
148186
114105
-115064
-50319
37680
73519
-25992
-148187
1914
57175
-49059
144492
73379
-57544
-115150
-20730
143648
29818
-135230
47418
-40978
-6513
-48183
-5388
146375
132358
-40517
37773
135234
-131725
118273
118083
-146878
-14974
-97390
58478
143670
-42796
149791
-31956
98949
102334
-84995
-24848
-36353
-54960
116379
-6069
-57668
-144700
-104729
-83087
-29864
57414
-126500
-47882
32240
-53266
-141657
-149526
-77906
-54285
-71845
-143191
72676
-39369
4885
-15769
108377
-17527
-38584
50426
133465
-119420
-138131
-48236
-78230
-126504
-17824
-33427
-51987
-24928
35162
95091
-35219
137781
92938
-100909
-140602
69942
89174
1572
22532
-101447
-144504
-95111
-82024
-127714
-61851
-74349
-137128
-129361
11286
49558
3377
-64331
105456
-15426
-25632
-32825
361
-147614
-25636
4235
1563
108157
28579
134389
1538
102448
-102126
109730
26077
236
-6815
-44082
2412
114209
134171
28074
-122514
140115
-89358
-21316
70534
-136693
135241
69531
42538
-29224
120514
-13234
120052
125713
134668
-96738
-149933
-121566
19874
-89046
121804
-128506
-42275
-56229
-20838
130795
-117604
74919
-23783
51895
-104066
-95044
23450
-63408
-37817
-48171
62567
62534
78273
-121433
137647
16645
106595
-47826
-20113
44501
-41221
142615
-58405
-45003
107056
-146779
-44230
-5040
9734
-92414
127070
73035
91610
15078
128612
-51441
114081
-89213
28643
-139673
-127588
52349
-100851
-118776
-101004
6046
-7598
8794
26337
-110407
-56309
-5200
-119552
135164
75656
-8268
-80200
-27876
-122840
-115282
-123305
-78093
61445
81797
17543
-69836
48854
130849
13061
-94836
-125568
26969
72792
-11352
-35638
111189
47563
-7825
-56956
87167
101785
-86679
-50982
-120112
-102122
-104389
-129844
-147682
93429
-116261
-43209
27098
-90442
-19744
-61943
-99006
-107347
30094
144563
98966
41663
127419
23577
-149888
-88824
-15724
-125408
-101497
76025
115416
-4318
-126335
112903
128772
56419
130818
7029
143773
-20744
63510
-53127
133487
-138962
14054
-140155
-144994
-71388
30941
76081
-148
-10541
143616
-98043
-84795
101784
6966
-104317
-136775
-137963
90745
-68437
3464
18842
-77468
10958
35507
51172
-48307
-14618
53727
-39440
-129332
-70354
54192
-123522
132509
-113476
120425
129738
8579
94791
-89366
-127251
-130519
43882
-80756
72218
-117753
88443
-62695
125024
117751
124938
-138463
34202
137281
-141293
-58504
-20436
-126402
68236
147923
-115025
17871
124010
-137336
14550
-130787
141518
-53045
74500
-6372
-64904
-112600
-88306
-123584
149490
-97014
22066
42544
-15776
-48708
55714
7598
-59850
124282
73874
117160
55439
-138262
18415
-43900
-12902
45972
-23504
-65653
-31486
-25678
127932
24557
23318
134200
-5294
147562
119325
105300
-125236
131251
144888
-2738
145359
42180
-119846
146043
23553
113604
-6224
-110718
-121825
55544
52451
-83690
111572
-19918
13033
-66286
-49519
-148837
110476
32283
142489
33392
-35089
-82375
64303
-75110
-41710
-132182
-17028
125640
-20178
-101460
18461
50573
39314
-114800
73436
44535
128980
-67035
-58364
-9739
-55762
72724
145824
2735
-58160
-25623
52546
-131741
1065
-67909
-145569
-80493
-42744
114899
125753
66761
78120
6951
-127018
-149744
-712
-89812
135791
24281
-122110
-56578
146307
-93393
122205
-14699
100592
-55957
-72766
-45817
129824
130622
-142568
-129625
-92231
-131729
-51685
-69234
101197
-145951
142006
-119233
-96722
29277
-115771
137525
-47360
43234
127537
-123950
-102603
129612
-41113
132244
-76510
80804
107550
140076
-74570
70229
-52309
-79680
-49693
49327
57943
-109661
36234
41370
-45716
-60958
69169
4698
129041
130281
46772
37309
75102
-113018
76230
-63227
20399
-23262
92471
128545
112174
-114450
40361
-102847
-113690
-34545
-19581
-59026
-72616
-73529
-33818
-117868
-104339
113545
15823
-66041
-15733
-45484
-134461
-136361
-97400
-94426
42047
-25230
-34969
143808
-51153
-35140
-111414
-37771
-134516
-147753
-45663
107845
-39330
17764
-73401
-13630
-26685
50843
-91626
-2100
24293
-53877
-80908
-14396
98871
15630
-123690
-124936
3207
-28715
7180
-9894
-94841
-113400
-105832
2124
-91568
-71148
94525
88550
323
88244
-118834
85601
15028
-26926
-38055
62042
20251
-143974
145947
-31500
-18901
12297
100407
-6792
-121070
22004
-80091
47671
-49779
-33354
-36117
39170
16287
-12347
48186
-10870
-26847
123432
115608
21581
54884
-117888
-89835
38491
26814
129703
-61577
77688
-67513
-106559
134648
-108750
22285
15468
74373
-34201
-120959
115441
-25093
145839
-35325
-130736
142025
141171
59734
-46900
78004
-133711
106238
-120223
22791
125372
-131555
144671
-79134
84109
-48940
122047
55616
-104092
57636
-113071
-106782
129999
175
44905
-145909
111028
-105759
-38531
72435
-35244
-106267
-65724
123373
92702
99646
-74683
-142440
-87079
10704
126473
15628
-8829
-134084
97625
3398
103287
137105
-101680
-21937
91075
5419
-47475
125966
-79496
-63313
-44864
3966
63135
56071
-84452
110729
63002
135505
-343
149452
-89514
-131150
-16517
116611
9845
140982
73365
-132642
8152
-9594
149724
72713
-30814
145140
24229
-130956
54393
-35972
24364
75741
98360
43551
99100
-27973
-57796
-149290
21741
-125459
-29616
-50882
-22992
-7785
9343
148193
44107
144997
100394
123138
138678
87597
75254
-129452
9822
-109835
31062
114139
-65536
28344
16728
141038
-139120
-80880
72451
-127764
135209
96593
-50207
95838
-61321
-19218
-75403
59055
101339
-114479
-128133
46713
-77376
-145377
16777
-130061
56398
-13851
-107114
7254
42212
-50774
-9925
-68789
36720
54120
58820
-12879
-148242
-116004
-18877
-76216
-1462
-121126
12459
83077
140101
31380
-7582
-48261
-143769
21433
-74281
56129
-29580
-19167
123602
-27986
27359
127652
-36170
52062
-133450
-141855
-48579
-115191
-39793
-63730
99530
-89911
-92893
-43266
-80768
-6755
45380
-23614
77551
10563
45483
91722
-59052
84291
10611
-56238
78852
-137943
7228
35958
-74328
-87238
33166
78758
45934
61530
70530
50209
31202
-77199
-58456
145672
-34899
58599
124983
93747
22643
-84127
-104777
4607
110007
-103416
-139373
34905
105809
-24878
-53847
-94377
39590
-116867
19645
23760
46144
-19838
-41353
-136339
3949
10320
144887
11808
102257
145322
-113009
-10527
-61132
-54526
60136
-112411
68741
-101304
146035
9563
59583
-29008
-147861
-127379
-126096
-27419
23334
94888
56200
-120328
102640
56120
52098
80880
78854
144531
-124392
21840
-70261
-36706
65755
16329
-90313
118585
-19311
64510
-1508
-50494
1782
-79214
-83687
-148604
-29572
-149691
-43153
35295
-85875
89026
76814
-134957
10054
-104548
-132645
126633
-99114
-144844
103095
-60106
145184
98978
-66922
108057
106416
-124164
123623
33276
83689
-106865
-97674
4802
-84301
73716
38408
-148993
39572
98164
53049
61341
-29559
-36105
-10258
110250
-25565
98663
-148604
3016
-38583
93871
-66527
129035
-5173
-1976
5563
-104299
-63876
11433
-1516
-32989
32588
116178
-124294
136815
108295
-114786
-112781
-18970
-123409
135986
6185
108241
-77926
-40766
148940
-18624
92997
112798
-107244
69409
71482
35778
5355
-48797
-113024
-9164
-111588
72033
46781
-5149
-19749
129297
-66163
-63700
116057
12876
-84798
117624
5886
115295
45426
-55660
21554
114187
91965
71014
53418
24823
-40842
-37125
125988
92828
69254
124918
40081
-4737
-110274
110023
24683
65095
52313
15732
-13755
-309
37135
-31715
-81534
33430
-23362
-47051
-81809
-137652
-67486
19984
-136665
-120261
68187
81706
77371
1455
121934
-55051
-53263
143786
17961
-62158
-138640
94217
81281
-19357
-52264
-55293
118169
97602
56065
122597
54904
-15780
24713
97398
-20555
-70888
-19760
6552
-11021
-29652
-109487
83570
-64871
-32716
71040
-10122
41919
82955
-39091
-6010
87491
61334
-13494
-81366
128947
100238
-69820
32996
-140543
-54446
-135297
112320
46796
23677
-110167
109381
89328
-141782
-82074
67326
119786
26609
37944
-141069
-19447
-103139
111427
21843
59386
9956
-51763
63052
133478
97509
88693
-62068
91190
75301
-98934
12373
117194
-48236
115370
79158
93122
-57500
-70149
144489
-132563
-116730
-132209
-81029
19571
-22316
-109156
77421
22567
119476
-121603
147564
31958
62032
-34085
19268
39621
20196
-89491
69180
-61535
-54607
59185
-96831
-68772
81478
67542
147381
51247
-20957
62962
-83350
-126116
-139108
11063
-29262
18159
-72983
10998
111536
-91329
39352
114704
-116507
68036
-32455
-142658
-66820
17084
-132479
-17127
-12197
-85323
-56770
149770
-116896
-23701
-138155
92332
-45839
135975
23848
-37059
-122237
-60196
-104522
34651
3441
-114705
-19380
-31271
56294
-28099
12217
96430
-107210
-79488
78798
24182
105524
39781
139762
114055
119352
-15652
71781
121781
-63208
-34356
-95129
-68170
119763
-80190
136864
-98253
-7116
82163
-101770
-139900
49853
-101120
-72385
-143425
-30161
-119969
127625
-55690
91294
-19194
-3429
56279
16083
-147041
141485
-122288
-53163
56983
57180
4935
-75081
66665
-21074
46360
117596
147773
-277
-23282
-50298
81602
-56533
38078
-100879
-139304
-2714
8373
-79326
112592
10880
-15996
25755
-33106
31291
-28180
-61413
-19073
85221
20665
350
-130620
132530
85735
-79262
38924
104396
118813
71009
-4748
-141336
-111906
59773
-112893
28369
-106304
-133003
-132826
98429
141627
110164
62911
-9726
-112982
49866
-38555
19979
88388
-45972
-43924
-35434
-136002
-80564
111118
-141477
63225
-8131
88943
3958
42050
59936
-63685
-116221
13415
108682
124605
95336
-135825
-50730
50080
16377
-135167
-136964
-50278
98280
-47951
-68905
-84144
81248
49906
-6451
-38961
70485
-143333
-147298
-8249
1224
-37671
56154
75925
-132041
139943
-104506
-49852
-120562
98003
-60841
96399
-81252
-95101
-126622
-71877
-137847
136187
-86794
-108710
-35240
135154
-51669
-123508
76318
78945
21610
90633
-102420
-106185
-46210
-108300
35709
101224
128887
98852
90225
-101251
-123216
-127441
128706
-103824
-99247
-102584
129471
84395
148971
111444
-64573
85338
54200
-27484
-120786
132654
-8296
10850
-45344
41524
102882
-118593
-81698
69246
121134
-66833
-97917
19667
-57706
128743
23224
73201
138436
-19983
59718
99988
-140254
-143958
-27983
-140813
74640
138896
147136
-113723
-33250
26674
51385
102014
14518
-79424
-11683
-125314
56080
28527
-24900
-31699
120864
-47042
71407
-138724
-18610
87032
97554
149264
38088
142649
-3880
149082
-112614
-114523
76224
-99404
-12398
13086
52622
-94533
-149616
-12820
-90817
-133427
8982
-29306
52430
-116074
102941
98213
-52015
-7584
47488
92675
-24547
43265
63258
-102709
124518
-40784
21124
47711
-149137
-120223
7606
-71040
56405
22961
74328
86772
106510
133641
36471
-136324
35526
106699
-108839
1462
77389
-76089
36159
118070
-55483
-110934
143917
-9065
-45404
-124275
133770
-1937
70836
31967
140513
58751
-100422
38557
75174
67717
-145484
50187
-85121
-109359
88634
-48763
-102518
-59421
-67004
78506
113748
21925
103965
-10218
116806
106013
59938
-120486
-3193
-42957
46055
76451
29718
50114
-43159
149755
120693
140140
20665
39859
-114230
117485
44604
-17370
142046
40252
-92141
126496
117088
-9578
-44009
85835
-36941
-36089
-36024
103273
-82889
-145632
1869
-99163
29132
-149935
-80076
-4038
115915
63300
47483
-86714
120886
112825
74670
-50991
81337
-48311
78944
-35228
2333
12808
110484
-64421
89974
-87620
144237
42727
-128722
14288
61984
-104185
-46513
96168
15259
-31432
-79425
82713
-96904
50707
-1968
-21429
107250
58895
40493
-102956
117487
-65879
-106444
-13363
81757
34802
42499
-119676
41802
-144009
-137780
-61700
-74250
104387
-126824
-49738
-78106
-93190
-145342
-77975
-128280
-3115
42942
-74297
-103386
78884
-76956
17301
-136657
32786
-125942
27538
90091
-12892
16587
11549
80664
115413
-143527
-109412
58427
89462
93370
-141954
-34923
-2187
-121481
-42895
6328
-29121
69025
-115872
1887
-53185
44445
-128108
-30656
-116597
-6608
131851
-69493
119573
-39964
-80657
-26583
14818
-140122
11561
1638
84739
-57027
-48090
-5279
84154
38814
-96000
61458
-114291
-108804
-5264
39127
-72304
62036
66932
-139527
-102472
57125
-63776
-132373
84363
29632
-70903
-70585
36618
-69033
115156
119244
80412
-36482
-24860
-40773
8889
-138039
48565
-31961
113928
37441
-119307
-21781
75193
-83957
-80334
101813
83993
-31283
47905
-110809
53278
-40035
88185
45531
91492
-66217
3832
77516
71155
-114099
76746
137823
-101789
-31099
140645
23506
-67231
-25747
-96005
-14321
-52136
-144049
-8733
-96053
36656
-98798
-69517
-29825
-136615
121798
104601
60410
-112138
111039
-25516
-108751
-98327
7270
86784
111402
-68980
-45555
-118661
26266
114340
-13318
83338
-83911
-114617
106087
-112117
-26582
59869
50136
-80144
68212
-103275
9972
143317
-68394
23643
-83954
-118151
63363
-123102
-134552
134354
-143504
-56872
-117227
123019
2112
-25135
-147332
-87686
49531
-132749
38633
62686
141289
-132808
126505
6427
-105665
-6028
-28295
143270
17350
-98578
-32139
-68838
-39191
110121
80393
-43336
-6961
121089
-29414
85316
-135372
-98150
-98609
-139436
-20334
-52723
106183
143190
-133017
123330
65099
-95198
-84012
-57394
-75529
143760
-29939
-149023
126511
-80072
-41904
-92126
-95991
47441
-99187
67682
-124115
75126
87641
90082
-89946
23106
25885
-141231
36780
39929
115160
107002
86975
145395
2434
14257
23904
-50614
-57445
91503
55180
-110960
-116878
-22233
134571
-23964
84788
141098
142929
-80722
-39870
-54250
16928
29951
125388
-1575
-72529
84105
87646
-117420
147585
-22493
-85367
58500
85535
39945
40219
-145746
-75458
-22810
147848
6632
39467
68793
-103054
-57366
103801
-39826
65786
-94944
-123408
-72427
149300
-59147
-97027
-73615
-127175
5649
-52951
62286
123958
30542
-78910
-18855
-47958
-149949
90924
-3798
93577
116266
-110520
47679
120492
67731
42358
-97481
130889
-25688
-105995
-20669
-84318
-70465
-40026
18107
66473
-1334
-82556
-53495
72744
-78773
36606
6296
-147279
-30736
-90864
-129552
148286
56582
83447
91759
21612
-80038
29162
-101121
-66665
-86047
-132199
141807
111757
149767
133274
30325
-109442
-97480
-66356
-71820
145331
90322
95800
-89445
137811
111217
21759
105277
-7482
143633
45904
-72316
147713
-34865
130179
25293
41583
132244
24683
64512
149556
-117024
148901
123199
118181
-76422
104809
-11062
108570
-34260
-76252
-38228
103161
-115661
-116593
64791
46109
44312
6145
-52850
-56606
31466
61899
-103630
33500
89083
-28753
-17577
135558
119506
79134
-139580
-112919
116607
1996
31956
136936
80201
-66549
-144791
-97144
-15450
98068
78202
140457
37795
-54244
-100650
92859
-90018
-131976
46872
111954
1529
106608
-59948
45027
-79244
-97086
66910
-12608
-118392
65529
-63191
-156
-52875
-36786
-57695
51197
120328
122338
70808
82733
91572
-92615
-144468
-13931
30734
-139865
134620
-6272
-53096
69983
-101002
58153
-14543
50568
56189
-113129
-135066
115966
46225
17565
-136322
53065
-75993
74509
127447
-71399
126607
-37729
-112048
-47337
111723
-136950
121536
105654
145427
45406
30143
-34333
96764
72774
-135890
-128841
84718
115907
40081
-113543
10415
31138
56058
33840
-93521
38375
38424
-6957
102068
125345
27698
-145326
29175
82903
-110441
73863
-106513
18103
-24408
82113
112344
132442
42326
-64387
113019
-95663
-13250
-51203
-86666
-99899
-74275
55141
-15304
-114118
83235
-92825
-35746
18154
-60381
-103567
-67788
-102091
134991
-48241
-16189
75719
90956
18135
-121181
3894
-106522
-140099
102126
30265
114840
-19963
-48456
-130041
58131
42988
22851
123009
14341
58766
-34505
130839
89288
65583
-28028
45202
45967
-27834
-117263
-22590
-35551
-9140
67190
-4364
48740
-22758
-132716
127046
-60012
-32840
76800
47026
49857
149708
-43159
9842
-32642
-143267
-32855
-58742
42843
4081
-82050
-76596
147546
121573
-94265
54422
-68392
-15409
118748
-7800
-8028
-575
29086
40047
-49292
-22926
47132
-2217
88108
-116881
-30765
-149410
-100308
-73988
-30931
130426
-92656
72449
-24820
22545
61246
-44266
-113891
7404
-9142
-59718
110334
-53461
-31044
113718
-132177
100363
-109267
54893
-143482
65914
-95408
-128425
-116806
134288
-125774
-103745
51099
25032
-48193
-42758
-141195
81113
85165
84208
-30075
149162
69439
-147813
134755
92649
-42590
50670
-148635
22968
-125402
-28409
-134325
77766
98290
-126470
122676
-58154
81595
-51445
-10983
130591
41725
-107119
-80559
-135022
-128862
42803
-20306
-128418
58851
72975
-100988
-101137
1993
-49743
-122727
77331
99009
-26158
-59633
87352
122265
-136294
-19515
75774
114441
42332
13803
130978
140269
-149704
721
-16769
25973
31818
-16955
-84447
-122588
-128718
-29904
80615
-59712
-23758
-62379
74664
32930
-95393
91808
114184
-97261
138708
-76318
66341
-84048
30035
-46374
-30570
-36275
-48193
75510
17098
44921
-33226
28105
21523
-12765
-133994
107831
92445
-127964
-31103
-2372
95701
-134929
102548
-131228
-66050
132172
109988
-60724
53571
-33649
-54348
-97110
102360
102509
-65301
-111673
21695
49277
-42508
70088
136018
2298
23231
-97797
-141769
10037
-145653
-15167
-127457
33348
-112187
82851
-143605
-38895
24166
-100961
120535
10844
50544
59493
-50789
85311
-23187
89577
41770
-106684
-85981
-90259
-88402
-116525
-110071
125035
-126326
135987
12426
-95474
59581
7608
126710
122362
-5791
141109
-17880
35832
16097
36107
55448
-65099
90813
-35419
-83940
11387
-56221
-145868
-117996
-143578
5944
47633
-111327
-86457
-17543
68889
142589
142740
46799
-92873
72886
-123540
139430
-109778
-82733
114601
-117863
-21292
-1235
32787
73349
138230
-98369
62306
-60068
-85315
-98483
133730
-14794
30532
-25881
-140629
-136290
-99455
56861
-122668
-21189
123569
-79212
66172
-99009
-97230
90148
100530
-59225
80181
-33078
-30348
72623
137518
142911
25513
-24807
83766
-87503
8105
25084
91834
-69597
-62411
134277
145253
-13971
-57892
27524
-24598
111507
-18868
7175
-100949
-114068
71382
68743
-122069
93997
-63775
-42369
-75491
-68435
-92207
-104458
-415
-119285
6660
79552
104085
90598
92389
117929
-114942
91239
-11236
-67944
131910
-60395
25662
-105516
-45357
-46784
-68755
-90065
-37912
-140511
15
1312
-139749
-30864
-57675
86067
111196
-134905
-113308
101488
-123877
-72021
104942
36867
103221
94200
146795
-148587
29122
144820
132725
-124123
122927
-50293
68148
63785
-34876
-103884
-91395
101427
-116627
7452
130342
48543
33089
-64122
27120
-111969
131165
-146164
-118973
-75388
-10353
-112418
-24764
-109645
87702
51922
-115464
-51265
52439
-140427
-61857
94089
-9032
10424
7168
-46291
2308
136644
126941
18339
28368
134433
-72839
5426
98292
-148173
83172
-2655
106229
93106
111563
-25518
61369
54533
-33463
136083
-64413
-143634
-69993
86907
-70811
31678
59417
-148471
24294
-66916
-96994
-120050
-24114
21809
93812
87740
7785
9865
20728
59956
13499
124151
-75883
22534
-135382
91344
-140604
-113028
-53107
129976
-13417
-108472
48360
-20066
11902
-143860
99481
40678
129759
-6998
-53059
27408
-95370
142114
31896
-123756
-57861
-34491
98123
115769
126385
-134929
-94057
-32239
-63778
16040
40810
-135273
-86318
98405
-6998
80398
137119
-103525
-105226
85879
-52087
-105792
112949
-95754
137403
61740
-114733
42503
5254
-140905
-30629
-47185
-62487
31374
-6894
-34932
52134
-92341
-83283
36712
109575
-104451
-43431
123220
2206
-38951
-28002
-11292
80105
93404
-74492
137248
-23301
63038
45676
21095
-46631
-79506
56986
-104509
134325
67458
25028
3389
-128696
10816
49766
111557
-26735
-41471
117942
123814
-21605
-44188
-23982
-11893
39039
43394
39618
113327
-19471
64057
119561
57548
-46859
63615
-97128
-129190
107069
-54307
-134643
-89676
-91644
2760
-63026
37260
-29481
7152
-23871
77009
-6438
100624
-88105
-125832
-111405
-95746
-26307
52861
45168
-101289
-42210
2052
35349
-62025
65621
28259
52592
74088
113717
-8795
-68187
130744
146189
118354
125479
7250
25305
-73148
-967
-123082
-131671
34329
149017
-134851
131544
-129661
-114933
-93499
-26383
17062
4291
27842
-9022
-122667
10923
49599
-18543
-38150
110255
27366
100833
104484
42986
140277
-78616
-117349
-128296
65486
-123424
91171
-85973
-147284
5382
300
-67959
60731
69484
-20113
-135180
17033
-42390
69783
142044
-59814
74114
-111226
-56130
1861
-56394
-48634
42181
94135
-79266
124688
125810
-86036
-60564
-50367
-124802
-68563
47596
-13900
26779
65530
9605
-145545
128024
-102630
-131881
-70698
-102333
-84695
6751
110595
-1125
63678
34060
147027
-145963
-30781
9683
144558
39572
37917
-59303
-78731
-141991
23346
65135
105553
53686
125217
28102
130492
10928
101175
149038
-64310
77503
-33211
-134017
-44853
-92317
-76634
52835
-12932
19992
-69181
22646
-85856
-73575
-94653
-107281
-92445
11269
-44982
-13303
97805
-107524
27027
2397
86058
48515
-75967
136729
89403
-50333
85433
-90056
-135893
-102280
-15275
-140959
34002
93281
-71872
299
36120
102952
100194
111466
88908
-23826
-79961
13087
-67304
76827
131343
-64946
-108353
24482
21880
-61273
-94893
-31262
-86299
-47377
17538
36472
80345
-40104
122562
-89970
45258
-22213
54999
39545
83399
-148895
74593
-130607
-75723
-131552
23460
66557
-126149
98342
43555
18747
125182
122146
96836
-10213
35024
-145921
72799
-69960
63146
-15047
136600
124122
-13896
-53529
-23551
-136372
-62332
-45038
1577
146394
-73780
-106497
148560
94164
130023
-69318
30261
86158
107665
59341
-103391
-47678
-40259
125711
-66785
-122699
12005
110546
118823
-139490
3183
-84509
79208
-90308
44464
-56665
-13433
-10781
126903
-40425
-100581
20418
-51573
75722
-123389
76984
144964
-106266
96948
64306
-28580
-90403
140435
-56630
52002
-124210
100724
32466
-36937
-112557
110826
119313
60864
-86312
-101685
-52009
60395
127565
-63324
108752
117069
-34733
19810
5069
-36960
-57391
7901
25092
94893
-43435
-36388
-114456
98547
-34821
100983
89390
62974
-143149
131439
42796
132206
-57135
-67431
101011
-107211
-52632
-39415
-15666
-130634
-128532
-128437
120185
-88274
-89464
94810
126102
-108424
-59798
111597
-56824
50424
-35205
148008
134882
-22858
-7401
-5313
88028
108217
-120647
-95611
23709
-107283
53748
-118286
47242
13644
-109747
113930
-44912
71125
103582
-147558
82784
106028
88860
2023
-29486
24536
81833
122493
39718
-25270
-94912
-113806
105895
-131313
105195
-56365
-95169
84977
80513
-1966
107859
92145
-83912
1747
-4396
61005
94236
-28710
16980
-126361
-105950
-101824
145483
-126614
-34855
47275
-129231
43614
-66794
-96498
20135
129210
-33779
40475
67886
44688
111254
133225
-70268
120489
-130495
78907
79037
96999
87486
-19177
-104235
108733
-94539
-129982
-110902
4350
16514
-29104
108789
140173
88260
12139
33987
126609
69478
-57637
91555
-6249
144988
-81623
-74475
-121928
123171
96401
-42545
8416
135640
-104103
-90039
-140867
74794
109832
148146
34509
140318
-57544
-77551
78503
33245
-85148
-130700
14181
-99896
-126545
96012
-146152
-62728
-81094
148413
-112609
140948
3407
-71259
103455
-9067
37097
-26729
-32306
-143822
97086
6417
94194
99581
-60884
88289
-144403
-104938
52895
71513
51676
-90949
-113395
5340
2897
-55027
-35999
63066
-14543
40484
73546
120211
-71493
148309
78397
29230
-104887
-11839
107010
-121883
-116907
-133607
58133
-45142
-59201
119077
129154
-100051
-113554
-135448
-54064
117691
49660
-2404
52055
129438
-14451
-106172
-67428
-65336
104475
-49223
-18842
-121372
-29597
57275
-14685
30469
124323
20976
136736
-107101
94389
-74101
-96205
18903
-129667
-36679
-73699
21238
25942
17679
20425
22348
-116423
68785
-71501
-121586
-99656
2472
11382
-12721
39514
47650
78305
-23473
38118
-89433
-92845
14569
4247
-143803
-60155
8426
-32614
-26347
-58470
-108044
-124197
137566
-12502
41076
12087
48611
-123888
113845
136306
-112702
51947
131786
54590
83778
123950
-79147
115504
59139
-70305
-57030
-7843
-39718
-4602
-10238
1293
-58540
36215
-91278
20811
-54759
-91158
43761
-112519
-52033
-48006
-127539
-125916
-108461
-4173
-90798
-98221
-129219
-77252
35320
43115
-8550
-113086
-100541
74064
133081
23560
-51899
-88834
-124440
-96774
-64910
40373
30161
6585
-110974
-112421
-102224
-126211
-114352
51308
-73665
-128668
-85483
140984
134019
32960
-61470
127617
10543
-108619
-4417
90645
134232
-57402
-41054
43575
-81030
-124663
38418
54921
-76749
52584
49265
133668
-33079
-17992
64796
73371
8780
136442
-1677
5536
123527
110134
40144
-108069
53368
134413
97419
146172
-140074
-56303
-82403
112221
-32845
10257
-90781
102897
124633
59414
2916
144676
-27891
68180
-104186
139575
-71335
53970
-7794
-64340
-59454
47213
-114282
144566
11140
-148891
-26691
-93968
60511
-132460
74315
-131126
134192
108718
-41222
-107553
-103434
-109569
-1169
36924
-57188
53252
90665
136675
-29549
108070
69
77307
-48472
-111217
-48403
-48365
74226
123814
-8431
-37713
-15646
-128326
133466
2482
77526
-141738
18435
-99150
-26565
-117833
-7312
58073
49940
101331
-17724
-53566
125180
61934
-1892
-28964
-78117
95156
9205
-60322
-101684
87944
143914
-147156
120138
109081
124520
49497
-104569
-116176
145971
127436
41473
-37047
78104
8573
-64098
-130882
-143730
13815
-32598
-57792
108048
118307
-32351
-119379
98383
140594
110922
-100675
-28080
72608
-52114
34376
62463
33357
-15947
86691
-23372
-125569
-37185
12936
71208
-134178
-56385
-119574
-112376
-44050
76773
128782
16116
-93355
-113253
142186
-34673
-52396
30142
-62189
-138394
126232
-91216
-86293
111016
14388
-41136
84141
102337
-104345
119647
-146710
50765
140704
-3468
111555
81291
-140766
134724
7354
61265
63204
121434
90550
-146417
16154
120911
-29740
65623
76773
-48658
-140600
149465
138854
-70365
146049
-127234
132349
-60782
82748
-18447
14996
-132763
-19839
-107679
-96060
145724
19040
-3946
50021
47023
-25983
-8574
49220
81354
-42700
-59151
141406
129486
92058
88780
24701
65836
110486
-47753
85154
451
29934
138939
124417
-19020
1413
-101745
-86863
-141817
105001
-34093
-116846
-32150
-56219
80303
-96041
-11923
-118964
-42301
92291
-68688
-141605
30812
-104049
-43918
-53823
-58071
1948
101761
-92764
97363
130311
-50998
43900
-84340
-51927
-6919
52039
-11428
-6283
148252
-74995
87082
-81247
27373
-89470
-59041
2245
-131610
-145983
37550
105877
-140677
143247
28599
-137278
98583
-131649
-25171
118045
102697
131766
119891
93034
123339
101446
-13030
99007
-97743
80978
47444
-136326
-60384
107788
-63978
69778
122039
31780
34179
16221
-61758
-47645
90966
74217
-18697
-79723
100257
123861
-145140
-99052
69484
78724
-131827
103477
24235
24320
-14910
25140
147309
-37065
139640
-73175
93479
-57227
25800
17675
-106081
54750
-123417
-19612
91942
79325
138696
-14976
-56239
64638
65218
119248
-131236
73469
-76
-16404
-80922
9474
-55331
77664
-65468
81173
-2447
-117879
12440
-36033
-3491
-130388
20646
-95472
143898
-19017
82112
-98419
55304
-146191
26546
90380
-46043
128181
-25472
41997
31044
-132554
-146136
-76960
138808
96781
119932
-79804
-16832
-110160
-96627
15835
43441
144323
-85877
-112717
52230
-90404
57532
11107
-116298
-27691
-34581
-32894
-115841
-141444
19781
-145380
-128198
147704
-106242
-113627
16427
-117780
-121399
-114984
-93758
-42436
-110451
127124
-107358
-12115
72543
73977
-35227
-98227
93515
36381
145339
61782
-31173
68985
5741
-24445
-82411
55935
13846
-129248
-25195
135624
-31576
-86835
111952
-116172
25121
-10887
86622
90564
-36950
-80351
91185
-93838
-65609
44097
90274
-21277
147935
75137
-7064
-98577
-147294
2280
119406
-38712
96625
145698
-98987
-135633
89703
-84207
-146134
95982
-87078
-35702
123278
-10430
-127517
-93486
-42610
-39053
29373
-34817
2100
-14566
-56068
-48960
65700
12465
56529
-148930
110613
-3124
-54491
-1547
-69453
22841
774
-24442
119012
119687
-76014
128781
12045
133574
56750
-92961
94419
140805
-21252
23767
-100491
106531
-88234
-108265
-48174
60419
-102492
-84302
-113893
148779
65949
-215
69118
-143343
-8133
83711
112368
86171
133374
17754
70322
75550
-88717
9916
91577
42868
-98493
69257
-96708
-89402
-7722
46053
-148114
-8435
130644
119425
123164
136990
-31272
16316
-120056
-82253
-86891
132830
31447
125483
-146335
-55973
-62301
1049
-23383
78581
70167
77206
-120198
-93078
-6658
-105718
-64807
-20095
-35766
52640
-101253
-124330
-148653
111235
-43078
44985
145089
-106103
39018
-134725
50190
94532
-95778
-91206
-130922
20132
-67963
118088
145296
70818
30920
127133
-123187
99273
-106244
2413
-58559
-140466
-56908
-4689
-118330
-135836
114460
79674
119674
63155
15619
22367
-89695
148314
-47212
102108
118478
-123112
26899
-4008
-86884
-90465
91614
135909
-119530
75252
48660
-53861
48498
34342
30096
104021
-140498
-53499
19539
-36169
-149732
-18867
-40836
-123821
-107010
-73742
-48963
-48311
-130461
-104855
29340
-20667
48072
92762
-46414
81733
85674
35956
142817
-92886
-17338
58826
-117309
49462
-129698
106949
-33642
30653
140004
-140479
-20348
-44418
1493
52992
85240
22321
889
55234
-96902
26505
128053
-106063
34557
-16263
-115106
-43019
-59497
-41220
-64846
-23709
-64760
21605
111563
-115381
125283
11632
122310
75451
-144528
-33742
-82774
75909
-7836
-53661
-123311
-81704
95089
68729
-37662
-128687
62783
-104153
114411
117654
-34327
-40763
-93252
-97453
47182
-53143
113609
144569
-11155
-75278
-2554
-44934
1757
45850
-120372
-8127
127800
-36714
12389
38100
-10961
-38470
100800
115435
9359
-4211
-21114
71938
59310
-36159
-52245
-121604
-18066
110368
-149844
10947
85844
-90394
103861
-94894
-91466
1202
126418
-25227
-130846
-108187
7623
-31453
86528
-40091
-99027
26229
114846
-35176
-135314
-131371
-25852
-65325
128083
-128767
-52761
-59616
-131974
-34492
-130936
64850
70440
29971
84721
71541
85483
69885
98865
-135544
-16718
-58350
-80259
-51225
-10365
132996
-33599
-123165
-22444
84398
-22960
19749
-720
144434
34194
-82660
49918
1747
-126677
-159
-43372
103665
-139322
97760
67939
135969
-137902
-134742
-22338
101427
-98210
64752
35650
-41730
-34349
-82604
91156
71733
138518
108404
70843
84522
51240
-7848
4877
147676
72165
42238
100866
136052
80480
93180
36199
-66982
-46294
1905
-65287
105203
-94285
-100243
-74329
-26003
120291
-11781
138496
13922
-86077
-144444
-125318
138999
-33551
68865
-133017
-29022
57551
24481
-149017
-32692
46300
-110844
-56528
-6943
-25996
-129954
-10902
2753
-16282
-11824
46468
5025
137960
-44898
-139578
116492
82303
-63647
-132276
4440
43821
-94811
-62112
139559
-74932
57810
-24400
-22386
46517
-64590
137220
276
-143462
72453
134465
-39019
117889
77325
-16056
-96751
66218
-98624
-47846
100907
-4219
-61489
-129224
1017
-25642
-136501
-25442
97787
33826
-74056
-79790
18688
-69426
-1654
-21812
113430
138360
135785
132174
107418
63100
97545
-106286
-89466
-3082
-133342
-85535
-59040
-73861
58027
21528
-49930
57437
-86956
-101200
-143939
-26204
-69788
45379
-39043
-1075
59515
68012
-51415
-97444
-131194
21076
102301
-92099
-116246
-54183
130373
49991
45412
-97027
-46224
-73919
-46439
123880
-69807
-117004
24513
-140124
63268
-26384
70778
-2336
49889
52164
-49496
53215
-114049
-92139
111528
-922
13549
-62137
36062
87931
-62367
106685
133814
91990
-143207
80472
93758
47747
-24355
-33734
45243
86388
75123
101726
44843
-130057
-52145
-109566
-124511
-81241
-91011
107665
-99389
132979
-123273
79088
-10450
137610
-103384
-132234
3230
-148729
-18820
92149
36097
66539
82956
-28108
-42575
130975
-79085
125353
-78610
87633
-62944
-28326
-141449
-35657
18674
-72987
114326
135234
93037
11169
28002
-148457
-122838
53240
3845
25575
-68077
82804
134131
30064
-9175
19342
36967
59572
-31125
5592
678
23831
-44854
19581
58625
44799
77737
-39747
84631
26463
103589
-144676
-137938
-80407
-71023
-29736
-56248
71219
-42600
44993
101698
100966
-83888
59105
-20042
28614
56434
-13489
49913
102733
-8388
-120374
77808
-122114
12514
124724
39360
67381
75439
147800
-125340
-141131
-69551
12396
-62062
-96990
-131311
-29419
16158
76242
91062
-135538
125868
-116909
90023
-58940
-94410
-46583
-138820
-92059
-60050
-117575
-13911
-8233
68161
-46886
-142852
71811
15742
-46549
141592
-89415
88821
-126965
-64846
67230
102141
-61143
-116646
72465
19511
10849
-40204
-57956
103730
121571
106078
14652
-132873
89922
-121067
18294
-78714
-113071
-41889
-13053
-131627
-146905
-137365
140708
-24410
125903
35146
-80097
16991
6882
44508
-146614
-7105
43337
7784
139975
86655
141349
137650
32190
-19689
-129304
-35093
6088
-66888
15682
-104087
120433
38216
105656
-124289
30258
41649
84941
101795
-101306
-62510
26054
61805
48617
-46021
-13545
33791
-15247
-86264
-10866
10739
-98635
-14558
-126705
126828
-85574
20537
66177
-45919
94933
-142807
-36793
106169
-2138
-77812
-109713
-95601
76844
19808
-43853
-12710
45929
-60027
-32461
-132927
-117690
94963
132623
-26057
-49927
-66437
24071
-141830
125598
86379
-42844
123835
-51322
40444
-19067
-15152
-28693
40159
127390
43682
136259
-135824
15349
-111958
-65008
84739
79044
-71944
13165
129409
21178
7092
60868
56026
-100948
63559
37179
22362
23137
-102853
-108175
71077
-79994
-122028
-106384
-4039
-49636
25106
17235
-29017
87055
-64702
-101137
-10716
114115
55353
-145293
131152
126060
65316
15589
-78859
-76602
-27698
-86210
141221
-128386
98977
126189
22606
19650
-35299
-82019
-14971
-111749
-71247
97396
-142423
54540
134861
134904
113395
52460
19831
-143214
542
45545
-76569
-138726
-115771
100865
75013
66818
-124587
-132089
125413
70413
98210
-42223
-83957
-58986
-121815
50602
121616
89532
90418
-129016
71136
122867
-146470
-95117
111400
-110271
137231
-25123
130495
140553
-24831
-116236
-99755
-13009
-105735
76040
10129
-33159
-59864
56804
107685
-98685
-58463
-147973
106252
-53660
-18353
-62946
56061
-149446
-89911
-31275
-10584
-72362
-47112
-54108
-81191
-68895
149126
1381
-80555
77061
-82432
-9231
87623
-44663
134733
38452
-128420
-27501
-78965
19469
-96019
-4810
123963
-77108
110135
-13098
115586
-140955
16678
-107281
-9453
-44202
4991
-144912
-78414
-2062
67044
-77097
21747
127842
24952
140185
10849
-91184
-131809
-17698
90525
-114379
57531
-77575
-74599
82814
-67887
11525
-19605
9556
122897
79308
421
-122852
-100603
28390
45322
109009
66015
84965
-130182
99926
-49448
147860
46389
-63975
56485
130738
-106739
-146735
146994
124062
53115
-7791
58006
-134934
75460
77042
-77510
20604
-65563
83544
-24074
-10705
-143579
-51903
5033
129105
-82756
6550
-29399
-719
50207
47928
-21153
-96001
-50554
-148149
873
-127846
78652
-12577
116879
47469
23671
-35365
6515
26372
112249
89295
22237
-107214
58466
-38349
27313
2384
57344
-62070
-50222
-125391
-46424
-11871
-75733
117573
-70760
23364
-57307
-94622
72200
-116471
42308
-83206
107784
41983
55337
129154
-125127
57469
-107698
12644
130849
88272
13185
104740
70511
18952
94635
78743
92532
-113242
-73839
46078
6051
119740
-5642
-26070
-142239
91980
-96971
103301
9685
106752
138640
109961
-126557
-4328
130634
39030
38834
55273
-32957
78942
127927
12766
-12364
-76105
-101784
35605
135117
-57697
-43879
-63629
7418
37483
-71877
-36375
-17286
9691
112459
22410
-144724
137087
138030
10072
-100896
142294
-88781
-102350
-88216
-69628
26422
149846
12810
33322
-148126
22993
-46754
16782
-39176
7912
-111332
143058
58408
-5709
-133617
129386
-87526
121613
12498
111825
-118870
93888
44016
35732
122899
-103293
72436
-56004
-103636
-2927
76772
-103076
136220
-98050
34130
-15854
135892
42415
113935
-146989
41288
-31840
-26795
7066
-144420
-15443
-58000
-46222
85705
125538
-90083
23973
-140213
-120776
-16262
11953
-80001
125301
49426
-120659
53981
-135591
105135
-5236
12565
-46645
-59699
109350
135485
-114798
23263
75221
-88561
113987
-51979
85058
-125199
-54762
-144168
11448
-127184
-32085
-55264
-28194
113067
-33892
-70156
-144030
73754
36000
-11076
-47667
-66972
-58723
2033
-88632
149603
-7773
142949
-4239
44329
123486
-119559
-31236
-91004
-27438
-130282
12021
-111994
142811
68403
79601
147764
-3101
121428
90065
115390
140300
119170
6622
127367
13534
108767
-27810
-143938
22476
73867
148146
117192
-4213
-22763
-23312
-50658
95606
78451
-91657
-131283
-100909
51682
21464
-95182
148125
-105905
132428
96231
-732
59708
29871
-120995
-4917
-48947
139372
15794
-147527
138727
-22964
-54963
-98602
130791
36911
-98581
-138336
-139906
-14574
100177
-94517
19153
105364
-32772
29874
-25013
-26368
39698
-137938
18684
72405
-81300
-128865
116023
61605
-47764
-40790
40001
82869
-2706
50175
26431
15527
26258
113618
-134286
-130041
140189
-11460
62170
92419
-45746
101449
131297
2470
-84709
35094
63350
106912
-39026
-56489
126697
62582
-142996
-90312
127427
4640
-64379
-116333
-149159
-116502
-17343
132107
-73549
-27456
107921
-80589
19080
-29185
29027
121419
124747
-63873
-132421
142065
-74654
-127944
-114292
15231
147676
12993
-94014
49844
47218
-53949
-39209
62766
12266
-59451
64142
78044
49722
16012
114043
49996
-68732
-48803
110326
23297
22177
-144440
-131323
37206
129489
-53055
80686
102475
81166
-39224
-135033
24440
-86703
-57422
24979
-115349
80159
-62955
-6732
93516
4340
77855
-68996
48376
14370
103716
-62190
-50192
91195
-146839
-16091
77755
-99187
83105
108900
120026
-50052
147416
103319
-59361
-143720
54881
4357
-14072
23813
89629
-149331
-99208
-16032
88719
-93380
133192
48341
-46504
80587
55323
-112358
76723
50725
-49649
-142410
149247
78166
-140242
-44601
-139299
82051
106272
-23428
57041
26707
-16167
10090
24852
-100310
113259
59940
-602
82168
-58592
15006
17217
55059
-149263
-143387
-46612
-117975
-86217
-5953
86606
60513
137153
-52519
-63546
90725
-7243
-12672
9363
63957
-86207
78049
44674
75214
-139406
-82110
-38773
-23556
-125371
100429
109560
-29361
121825
-96850
111603
53975
-103832
-53780
-127840
3353
73671
118718
-149407
-82060
131796
-69537
18504
-91363
-90123
-38215
-29671
-59504
-35092
-27088
-88854
48960
-88956
24877
-49349
-145612
147172
101841
63247
101234
-50336
-32820
-24082
109299
-111500
82232
73481
-104230
145262
69214
-119765
90460
-32494
76087
-112689
88933
123729
13709
33693
-76618
-81758
55419
-31726
-53230
-147316
-37805
-68681
-70622
-91375
6492
-104346
86479
45107
89719
-48941
41883
-65009
112198
-72925
-118846
-14054
-90638
-117839
93632
45982
-129716
1937
-144498
134344
821
32199
17013
-103406
-122265
-62379
-84578
7421
-64508
116010
5601
119459
66919
147228
-85753
-24355
-65259
-56711
-74882
25313
-112714
20017
30171
141385
-112600
-137465
25861
63626
-47408
70359
-64253
-41719
74824
-141941
113941
47714
-149725
-11274
-147050
-70003
124789
-25218
-11513
-60077
129948
-110725
-138983
7434
118056
58250
84393
-18726
-135676
-25142
51415
-131167
76448
10840
-16913
-47710
-84595
-84318
-142780
12632
-6047
143405
42365
-12807
-27479
-24766
23828
-118541
68771
-34595
92213
107994
59134
-114668
140511
126603
100800
85862
-71958
-15364
-68639
121029
-98002
144186
-117926
26974
-141199
102579
45517
81817
62296
-93488
-18325
59366
8064
138373
33553
-125553
77179
66770
-126669
109028
76610
-88466
53122
59001
-98337
46105
128892
-80188
10282
73371
72855
-86819
14127
-126949
-55050
52662
117854
-87225
73514
-64985
13716
-107351
127769
-61063
-80357
26214
109766
113507
37840
129375
75709
-132639
138217
116685
-24492
142914
46869
37337
91563
7668
56143
127857
20302
115473
35754
5494
-103533
126352
-82315
-144333
-6917
27882
-75244
-6740
-120967
-14313
-25666
125307
-66235
74771
-33586
93284
-123080
36134
105061
4737
-99823
-45436
-65536
8833
86846
6270
-120841
-75032
103274
35808
2137
-118312
89411
-73475
-66203
70758
-88555
95343
-26405
72690
-125559
134385
-73626
-107066
-57693
117682
40700
28899
108697
-93713
84266
-54030
-51621
133011
-10660
-72483
106685
-50100
31333
-79665
63838
139526
-55574
109794
80321
91712
-83484
55777
1738
-92267
-115657
29680
89062
97084
138730
-110676
41037
-135897
33531
51893
126981
12422
137299
137402
90679
126040
54222
86037
54152
-36247
139111
103448
-41719
42920
72388
146451
120141
-51621
145262
-24065
126947
28845
-132654
49694
52672
125353
-69853
-124903
53507
31483
-49297
101135
-40681
21730
71762
7623
-74555
-89372
137800
-93833
94409
-42044
-112985
-12374
82788
-42386
112394
48076
84892
-66948
-25026
-83131
-130940
-46789
91763
-76043
-115381
-116624
-87389
-116313
118926
-129596
-76388
-74752
71490
-122772
58464
-9729
44806
83795
28384
46174
-53191
-62362
118120
-101663
-100392
-64911
-118278
-60535
83355
91589
-64183
-38612
131659
12718
-97848
-96812
146403
136119
86708
-42743
-98657
63239
-91507
52087
-79152
-12838
-116823
114519
-10795
23176
-16526
57606
-77092
-73622
46165
-25124
-102244
-33061
12404
139299
-82993
101652
91633
55367
-35478
-18500
-89058
120385
-100521
-28613
-47867
-36499
55612
79494
-21347
-129232
69662
10586
-83158
-62273
-53778
46203
-102245
3460
-124564
6831
28849
-134380
30015
-73307
-118087
-80777
-18496
149816
105581
-134613
-62310
24996
38147
-149922
79205
-81611
-129977
-71477
128039
22516
65023
85152
139959
105586
12232
-96359
112420
-121595
97954
78143
-127291
-81811
78853
117266
-1326
127092
-64031
58670
55580
-136160
45540
110477
-133346
-144346
140294
135970
-57062
106695
-128828
-77839
-133750
-27769
86648
-25057
108079
56896
-129265
124819
64933
-94374
123558
-7066
-15961
-109589
-89568
-122218
-58447
-73990
-123781
64290
-54426
99419
4138
12379
3683
-138092
145540
-135077
63833
21066
61990
-67744
97947
-89290
-99353
133075
-136119
34478
109045
121023
93641
65189
-62763
11424
-101256
-1872
-76641
63885
18506
80094
-138972
-137537
23656
19930
-51572
-92212
96182
124615
-110431
56809
129539
12090
42320
-68124
127410
93433
147673
-4464
55972
-88241
-90878
65393
34525
-55764
-1711
110246
-55303
138832
-62500
60645
-45932
-1881
-38913
41935
-70686
35789
-80847
-72708
147548
50524
78442
43172
-27743
117962
-64341
99910
20183
14781
133445
-60506
-108974
118342
93921
-103507
-109875
63050
-134331
-43821
-141598
16838
106725
81423
-101248
47375
-44725
138030
-89835
-40870
-142867
-5058
24166
-116123
-108167
81141
-46160
-29231
111121
60989
143202
23264
-81329
-42285
101890
-112949
13672
-117571
100998
-8653
122368
144695
-58450
-47306
-36447
85874
17354
-40203
64115
117240
109555
-79176
-46826
111609
-137862
-123764
-58030
-137726
-1739
89937
32936
-138395
-95172
-45169
39280
-62289
-6512
-107655
77013
118158
-24427
107218
16488
-79232
-18427
3415
44301
-70667
40857
128533
-40133
131534
-75675
-9059
-71661
-118391
-97503
118634
70983
149937
-29870
118801
-33440
-92346
-37419
-56779
-84847
-225
69306
-41203
61316
82943
9168
83613
91786
-31578
144935
81305
-100008
40410
-18712
-31837
-55597
-113474
30818
149466
-88009
149281
15026
-94140
66587
27957
-60547
-54135
35238
-41117
136431
102915
-104957
-68547
-59992
141570
66071
-142242
119507
41807
-112782
28268
50309
97863
-18300
-81545
-141726
-144340
32629
-47662
115017
76095
17613
43799
96401
96524
130976
-51147
1454
-38713
-101993
-133816
51167
25647
-25631
-70653
-147977
118180
103678
-68918
-17275
14807
13407
3873
91819
46547
-116845
61891
72925
-126959
20830
-5908
-25791
-48601
13287
93476
75909
-141077
10958
-62055
122489
-74834
-71887
-39134
-105287
-19524
148373
-35490
24893
-143003
-119420
33524
123662
123468
-1961
-18392
-72950
-113415
-108551
109617
-18840
146824
109771
-105359
-130606
-117878
104909
-106395
123465
-67623
10601
42178
-123277
-117245
-13436
-25804
76238
24247
31977
-94538
-2310
-141326
-7736
-66386
-57243
-43610
109022
51744
-108434
-70488
-47879
-69966
-101472
114628
-62774
19281
11302
-110694
103921
-71098
-83208
-62859
116722
-9209
55639
57999
-44970
-27411
22456
118926
44348
95073
-60183
124398
134109
-34157
-121974
-80642
100093
68181
-134870
-8529
47291
94861
-50936
13983
-143652
-117146
143319
-22631
-9678
-74657
-107564
83912
99038
6328
46331
51859
-147015
-21644
-117907
-20525
107671
123460
-25937
124431
36593
-118949
129610
-132920
-133899
63108
106553
133611
96475
125865
-125635
-20518
-38133
-143184
-94148
-33267
72326
-55577
-130425
119786
135108
-73615
-56881
134242
-85475
-92479
24722
-72626
-14452
62971
-68914
-92557
101145
118355
-134524
12239
-58175
-85972
-81434
-35153
86666
48628
3653
-8767
-15694
130358
-85163
44003
-30537
129150
56295
75653
-71672
-71694
39351
71031
-24163
107555
16698
-72359
1970
-19016
-29039
-43147
90868
109563
-132636
148396
-58793
-44949
136702
56825
-72277
98905
-145101
-71444
52764
140685
24436
136689
110026
-31878
23588
130490
-5314
109612
-113927
18410
141431
-122639
-94917
-77124
110453
137758
-107800
70640
-23929
6417
-129043
133062
-96721
-141620
-10144
18147
105149
-17381
-35294
12091
-4902
66832
63040
52756
-134820
149044
-53818
47956
110527
33175
142944
-31822
-51994
-112814
35606
62157
123321
125075
103130
1270
-100022
-26329
42166
-136146
134474
23117
-143242
19269
8099
-5383
-62898
41419
-148666
-36933
-131646
-103200
-135965
2604
-56594
-97114
-43662
-52158
99956
73539
38618
13213
148062
94846
21922
95682
-127681
121308
28510
-70714
-98761
-5629
-71427
148381
94988
-51441
87450
51346
90834
135213
-80554
-8361
73148
-126002
-13316
-28969
85500
-102394
7676
-104393
-67441
82652
125202
136921
-132882
133674
-38409
-65947
-66388
-39108
136283
-30945
-138248
-99324
64720
109632
55777
113046
-69362
-88536
-80212
27390
-32361
-76529
74671
-27528
-81383
127834
42847
-148374
-82936
117920
-1817
22281
138690
-61235
72431
-94741
-48177
115197
-119832
-44252
127975
17534
-117808
-25201
53360
127115
-50591
140026
-109813
115461
-112860
42161
118614
103770
-142675
115020
-4414
46435
10681
-102039
-143621
44708
130033
111362
-105877
-84871
-130312
28904
-70981
-1975
134431
121916
-80847
-116651
-1155
102777
3580
12912
-94304
8527
-32897
53713
-82378
18670
-85462
-108814
-92667
-149400
-96941
31259
-37924
115844
-14249
132233
-53658
-798
30704
111784
13742
-66707
-131389
-8855
-68937
107379
-16290
-70461
65208
-148777
-106033
-99493
20839
47181
127746
-54242
106562
145627
-80391
-139997
-37647
-64402
-48948
114595
133901
-36068
16929
-41837
-78048
84544
149996
-142019
-35502
-65953
111239
96949
56719
14817
34954
-4378
-117620
-96708
-57976
-116936
3321
98075
-131792
21604
-17403
46049
32493
-111299
-67724
85173
23169
-145092
-59070
-141845
-14815
-30169
2420
68700
-62407
-100202
24638
-82976
-1993
-2106
-146385
75487
-33793
-94819
-103007
43984
-92212
22778
147189
-64098
53794
-91811
-24059
128602
71124
1481
116141
67502
-84230
-92203
16897
-11631
-62364
28606
45360
4590
-11079
-71559
-147220
-89351
-44324
31231
-20842
148536
-129662
-88293
-26419
67986
121766
-62412
38341
-43897
144062
-29306
118221
-75348
-137838
88916
-10268
79392
-43890
-131122
18378
-122442
55526
72345
100019
131386
112083
37486
49864
-35781
-28334
-79026
-46642
121303
37928
-93401
-141145
-82785
53756
-113426
-103116
3030
-45996
25793
-56585
111125
-96606
-47123
149267
122876
92772
4697
-44453
-87201
-132434
15852
-41964
46821
21422
-91877
-6850
-30846
-24369
-97589
59927
32702
63792
-109561
-138646
28062
139048
140370
140761
-13971
-135299
-45565
22748
-91022
-48551
-53448
59859
16313
-69004
-15255
95455
-57542
73329
143851
-38710
-74807
144907
-4391
126136
5852
119529
-55157
101717
129077
76319
145441
-86516
-64321
140195
-45138
138035
18132
50715
88987
-50191
129382
95394
66933
125255
62526
143379
-65360
-62665
-87078
21009
-40103
103798
119991
2252
-10942
-41810
51632
138147
-83010
-56043
-149869
26346
-22659
74536
-17739
24033
60220
-69900
-59032
-77759
119847
8384
4341
-24329
69718
23985
51345
-134094
103991
-51387
-10277
-60929
38577
-80768
107591
-35970
125304
-60359
-71678
-28975
3069
53354
25593
68151
89384
113045
114737
-69925
-129761
11556
-79111
-136125
-112576
22089
-36326
-97532
-71336
-88376
144784
-147754
76507
130968
-114418
-14028
-35996
66293
110578
-76271
-137414
-72857
50353
-144227
-36274
-29034
-34968
-21056
-83658
73868
-142161
-51545
-45734
52678
121808
-67826
35809
85092
138411
-3108
-37814
25670
77353
60900
121544
-133408
-69310
-60800
-46498
-33847
89803
-110036
-134202
-4948
25715
-118586
-8654
-54985
1786
-130002
98016
-16588
87916
42367
136429
-118519
-1927
82698
-117925
22156
66860
77165
-58310
29905
-94889
-27800
38424
3924
-85040
54066
1914
4894
-32994
-56962
-55750
-125476
132473
-15413
97942
-145905
-134781
127374
84148
47600
58192
89209
69943
-143516
78937
-135350
-38559
130764
131033
122450
-46558
71046
119411
99098
-125065
128106
4682
-133860
139462
75660
22670
106675
-70375
-149803
-21856
-108819
77268
70844
-123933
104488
-128619
64252
142685
4989
-73074
58868
-83890
64550
10649
-36851
-69784
83148
105921
129240
-17788
-127944
-124379
100483
12142
81297
-18119
-48664
121056
-4326
-147074
19882
-19775
82480
-57278
-60636
-53868
132790
15704
-123696
82776
106488
79459
-134064
-111773
-132779
-75540
-138293
-132675
39318
131114
-57126
125233
-65356
133820
-30397
-3982
148869
-73246
78638
-108325
129513
-5092
-99807
-39275
-48386
-81062
-35209
-78772
-127450
-27694
-148467
-116878
83683
114829
91059
-88344
119824
15782
-133054
90839
-93177
108888
133099
-55465
138394
70395
-13147
6333
-5189
-39599
27416
-17504
-9877
1588
-72407
145615
-39520
83189
81171
-75789
-103307
55008
147246
-87043
94084
41679
139002
134088
-11738
-144598
-88067
53811
69930
-120002
142439
-70549
28868
-132534
73391
14702
77753
16774
-39356
105009
132584
63524
-119803
68629
102950
-59626
-60913
-25766
17919
-27034
-6750
-67462
-61836
-91500
-53762
-21111
6309
42119
60013
-79496
3102
29759
-145217
-23995
117227
96861
6262
-103888
133471
76754
-96013
128252
-114460
8915
-22560
62587
-4541
81632
-116415
-131683
-146581
-122275
29593
-17001
19211
108101
-54719
75165
-102157
-111496
36525
78008
-100277
-76309
-26618
-92211
-61108
-29357
59594
26215
84339
-123312
-61543
97324
-72114
63708
-93190
75494
-18903
64543
-118771
-25783
91756
-45064
-65765
-112407
-74246
61069
-146187
-49248
-16904
92104
-120685
142286
-50518
71937
97013
148177
112643
96705
-43984
46596
26627
56949
145037
137212
-110329
-115736
61481
-39559
148566
81927
106230
-101637
74073
-139666
-51359
-36167
-25832
32934
-146927
-126991
-130598
-103016
-145751
-144690
97294
19197
-146520
-92299
-119471
117796
-17125
-68804
141207
40386
-54434
-87149
94682
123029
-33474
-26983
111785
76516
29671
45715
-136866
-14325
-4804
96377
106596
132940
-31111
110192
98997
15014
-146323
-38746
-48622
64344
-639
-130718
-71326
48967
-47451
-73947
62929
-19016
3741
122512
-21856
-123563
-144390
-116810
-37536
101161
134752
11569
-71408
38400
83652
70746
149242
110405
128398
84581
70631
-38598
-149127
-77725
64121
-63500
22176
-144564
-75797
-112422
-28815
121680
-16104
-54090
145379
-81828
-11667
-12976
131788
123224
16391
78492
127790
72842
-50289
109357
-54879
-86573
14901
-103050
-6352
47446
-112217
-96835
-145799
28129
-119237
20648
-13991
-46090
94358
-57700
47520
-5376
135516
-19250
-37501
95391
54010
58030
134876
144230
-97555
-137392
-28455
86813
7570
-34899
10568
94385
111260
-7251
-51756
-13908
112545
-68461
44903
107131
134443
-7280
73409
467
92311
85153
-45409
60160
-41262
-43888
67010
-104594
12230
-82041
23840
122512
-30287
136363
143243
-110889
98714
-139696
-58808
25557
17699
-139001
-3899
-118065
-90630
-115029
-27920
61555
122732
111071
-71533
28833
71270
-23703
59339
-110555
8972
-36784
-70279
-114097
-25518
-135713
146098
24467
104565
-127315
-83759
140671
-33483
114494
136223
-71228
75480
-59194
-15231
-100330
-101909
-112031
-117402
-83316
-111737
106604
-138806
118403
140681
24754
-119918
33517
89366
-42387
80884
-131565
-117914
-47952
-136712
141286
-73258
-58545
68212
142447
93266
-110162
101709
-135404
46273
15808
-148597
61517
-72094
-86708
-60838
-125924
-145086
-65063
63031
8737
78521
-133897
141213
-142412
-23511
-63399
-35467
27660
-89254
-87059
-19489
-20281
138049
-88005
109482
94287
127083
17813
-23491
42284
109403
-29407
-54901
-72692
34399
19647
-79620
92720
142337
-40856
-137359
-109135
139327
-122176
77517
143673
-46357
84566
16982
33126
-55450
142193
-133577
76613
-88369
-8351
-79191
75619
-106147
-20734
22228
-57702
25937
-94345
-129384
148470
-87187
121669
-38425
64355
22763
45751
-142738
-35657
37707
-7326
93131
-13630
-16775
-77938
-8431
56848
53810
-27083
98429
5366
100240
98435
-115143
-51277
-33517
-114343
-49452
-85559
-93104
-147129
77082
-110636
72726
-147456
34638
83231
143876
113353
23427
113297
120401
-83207
-92823
66577
131474
-58853
133477
74001
-99603
-79038
59141
-95563
130906
133482
-76113
22432
-25132
22520
-144610
80749
-141345
-13954
106906
88785
-123595
125796
-94445
4529
-91792
142631
-102798
-101404
53403
-146686
-92213
-50541
46946
-78096
-41375
129691
54240
49980
10936
72869
-56339
-560
-138715
-149786
-129141
112450
-126907
3226
45498
143943
138030
-105522
-72295
-32278
100784
-145996
53625
-11249
4239
-121903
57008
104427
98302
-91471
101773
-103247
-96526
-13389
-3920
-2681
-13549
144977
78381
31982
-6175
114033
-22821
-36090
84952
-104868
122910
117691
71934
-63743
41398
-13479
104539
83172
19581
-33198
59674
29718
-147597
118038
-53166
141127
-50757
113780
-147057
39929
33204
99552
-106139
-70301
-36812
-140061
131466
46194
-81910
-78413
-32207
78593
15441
-11585
-60896
109646
-119913
102889
-44615
-129959
103866
149372
-87206
18808
93749
102966
140726
112837
-93473
-98035
-94423
19867
112724
-127305
-129932
-5833
-2665
36794
138196
10211
-132409
-112995
24453
18684
-51221
130502
-39065
109741
-149822
62635
-47323
-76750
66132
29717
-132596
130665
102394
-74375
-20627
92256
-99127
144558
17318
-95722
-54603
-50648
-100918
68739
-11795
127021
-96774
-23730
-28166
-82396
-86468
94646
-42721
139425
-37374
58720
-123325
141148
-101630
91015
-51879
104688
75133
45170
94123
126144
-12221
-68862
42426
-144468
-4246
-99298
-89394
121696
-77177
-2439
85743
-33072
134213
20649
70414
39673
124424
-87226
-74735
14409
-67230
116157
-69304
25689
3739
131718
20881
-20954
-64010
-45191
-126483
-37211
15743
-11191
-115199
32348
51944
395
87260
-6063
145739
-119834
124616
20960
122797
59300
44158
-61036
72176
-103224
32881
136583
-113856
132946
121656
-90553
-43785
50968
35973
-97042
110729
82454
-79424
131085
-117099
-49593
94260
-50405
32321
-23511
-109861
51853
-723
-91455
-135224
-135691
-58177
90837
96594
144051
139398
-127808
45855
-48625
-116372
20264
-138718
-129815
79566
-56091
-46935
127884
-97407
-76183
31780
-2604
-39858
54594
-65353
-85861
11146
-8732
-107061
-107675
-133048
-126468
-43338
-139998
36492
-1601
148354
143590
-23632
-53465
-67283
24478
-74217
137938
-18993
-5052
115212
-93327
-221
-131825
47794
-132801
-102054
-54198
16464
69632
1475
-125456
-22655
36775
85182
5780
-68958
-89308
133124
-56486
58412
-119569
-143679
-38194
-15792
-2277
-35027
11326
56729
-85763
-41620
-88807
-5439
94279
13238
-53107
-83268
-1377
112609
-73310
-133450
27889
-111711
-5258
124048
-81873
-144756
-121715
29279
128469
74337
-7510
87033
125520
86281
-127701
-148581
23927
57161
143101
22855
-143493
-16726
-138553
18385
140227
-55862
10656
-109598
-42976
-97831
32700
14555
45245
-7207
42003
-35181
50001
70511
-79956
63801
-109300
-137953
94705
123544
-40497
141312
43318
40900
-39324
-138831
-28444
-21663
-96871
-16482
-30024
-36560
-51739
141818
41842
48792
218
42791
103571
138576
-65825
-134919
-77615
-117427
-33589
-56550
-117700
30690
105940
-23526
85974
114864
-91444
145498
-102062
-135891
138826
-1610
-144078
57576
-126107
53388
14189
-28418
-41231
-88757
-112903
-121967
90776
-23751
-108861
69971
7156
142724
22956
85572
127046
45594
111067
58879
-62265
15274
-95908
-139986
71697
49902
73835
-141433
-113235
135035
63062
-42502
29885
-55345
-19057
-137990
-21141
113171
23890
-16457
66843
-104022
58561
84741
37194
45814
113659
-100421
29299
-97818
-106951
-9794
49209
-33268
2410
-146621
100483
-8517
-123158
-58874
118086
-35705
52534
132660
-55441
109483
-58295
-72004
79870
-131040
-75921
-99411
90607
-56855
112133
125880
94621
100816
100365
35325
82288
-71587
19730
146517
128638
-72178
-20939
-9239
-29123
-20454
76489
-94307
124081
86633
135293
60178
-131108
135961
-119388
42456
-37288
35437
-117314
88403
-39073
-1458
146994
104534
-80489
-14257
121858
79777
130167
25314
35046
-3203
92592
-20219
42963
-130989
-51982
-39806
-136798
-63640
78222
25079
-107157
-55224
83448
-74175
-31276
1675
-74633
110532
46254
-7224
53179
37973
75557
-144958
-105795
146829
-56052
-110970
126087
-128908
126573
-54911
95663
58933
-16305
104137
-141705
-30901
34720
134656
-88088
-125583
-15328
-35527
-9047
34833
97127
-22018
-66734
-132875
-117852
133078