1913	7941	6739	3792
2521	7942	5434	1649
7740	7943	3867	5575
3388	7944	5704	8764
1836	7945	7186	5162
9669	7946	1455	8782
1256	7947	8068	2640
5152	7948	2651	4079
3922	7949	9962	3849
7796	7950	9300	8408
3240	7951	6746	3125
9790	7952	8208	6035
6690	7953	4295	8648
9641	7954	8706	2129
6520	7955	5599	3721
7770	7956	1267	1498
8085	7957	8499	1705
2355	7958	8292	7706
8533	7959	2167	7563
2332	7960	7838	1447
2409	7961	7215	9651
3442	7962	9005	2759
7713	7963	3108	4252
7770	7964	3958	3761
8086	7965	4476	4135
5650	7966	6066	5944
4061	7967	6454	8553
5692	7968	5371	9067
9683	7969	3272	1972
2084	7970	9383	1354
6491	7971	6170	3663
7781	7972	1968	1756
9592	7973	1526	8728
7329	7974	9714	4613
9489	7975	7097	3087
1805	7976	4626	9205
4092	7977	6491	3795
1856	7978	2205	3107
5012	7979	4595	8171
8648	7980	8113	8133
7077	7981	3114	4419
8115	7982	3659	1144
5342	7983	4708	1062
1117	7984	5870	8961
6637	7985	7964	1340
3725	7986	7210	9452
1508	7987	6455	2776
4107	7988	5632	6240
6282	7989	4341	5525
7990	7990	5922	5294
6811	7991	7148	8529
1687	7992	3146	1259
9131	7993	7562	2486
3269	7994	2409	1348
5294	7995	9312	6189
5084	7996	1534	1053
2577	7997	2113	1836
5511	7998	2319	9980
5311	7999	6583	7789
4142	8000	5119	7299
8558	8001	2533	5299
1663	8002	2258	7129
4238	8003	5098	9791
7400	8004	1000	1232
5159	8005	5974	3821
7448	8006	7737	2994
9276	8007	9377	4089
9993	8008	5609	9287
3721	8009	9322	1306
5096	8010	2276	4713
5555	8011	3277	2783
9140	8012	2537	2229
9256	8013	3485	6592
8560	8014	6387	4903
4566	8015	9904	8015
4797	8016	3651	8795
9439	8017	4017	7130
7803	8018	8393	8622
3038	8019	1744	6507
9700	8020	6516	9282
5781	8021	8467	3219
6193	8022	5237	3926
3340	8023	7994	9813
4297	8024	1625	1694
1414	8025	3601	9318
3468	8026	3996	3915
8698	8027	5930	8676
9567	8028	7719	1437
9136	8029	6520	3173
5699	8030	3356	1856
9248	8031	7934	7549
7099	8032	6957	4376
7017	8033	9209	5464
7389	8034	3884	9056
1619	8035	1106	6303
4760	8036	5583	3178
8795	8037	8058	4974
9183	8038	9640	1326
9291	8039	4122	5980
8040	8040	8040	2855
5521	8041	5308	1951
5965	8042	6034	6588
4273	8043	2879	3103
7503	8044	3867	9147
4900	8045	3674	7195
9517	8046	2550	1833
4848	8047	8281	1773
7344	8048	5664	6253
4465	8049	5693	3967
1025	8050	9088	7169
3642	8051	2697	3976
2350	8052	3300	5575
4404	8053	4924	4969
9987	8054	2239	7294
4587	8055	2707	5682
4532	8056	4913	7733
5711	8057	7768	6436
7312	8058	8162	9172
4550	8059	5200	9685
3938	8060	9285	9909
7091	8061	8578	3585
5275	8062	9045	2522
4576	8063	3556	7391
6885	8064	2859	8178
3535	8065	4930	2532
1974	8066	2433	7406
8317	8067	7048	4024
1952	8068	9267	2071
8669	8069	9623	4486
6105	8070	4527	8666
7912	8071	2264	7314
1897	8072	6044	3255
5896	8073	3129	7659
1676	8074	6454	4353
5558	8075	4611	2977
1868	8076	4839	5583
9122	8077	9448	2368
8271	8078	1225	5707
4020	8079	3271	4501
8139	8080	4684	4185
9763	8081	3147	7673
4587	8082	2594	2759
1452	8083	6761	7190
1743	8084	1098	5751
5822	8085	4597	7764
1059	8086	3635	9187
9967	8087	2363	9549
2806	8088	8736	7211
4278	8089	2398	9625
8090	8090	2324	8090
7986	8091	4849	7030
7434	8092	2538	8315
4399	8093	1112	1638
3765	8094	3358	2796
6797	8095	4261	4923
3652	8096	4554	2246
8260	8097	4663	6565
2400	8098	2686	9367
2638	8099	9932	2823
8245	8100	6207	7112
1956	8101	3868	4093
7451	8102	1244	3047
4948	8103	2157	1092
5263	8104	3351	2812
4393	8105	3782	6037
9727	8106	7465	4393
3529	8107	2742	6447
9737	8108	5612	5227
6566	8109	1353	7084
8993	8110	8507	3704
4392	8111	7426	5583
3372	8112	6607	6197
4195	8113	4362	1492
2233	8114	2355	8907
6312	8115	5075	1496
8576	8116	5232	2867
8476	8117	8298	1694
8146	8118	1686	2381
7333	8119	7207	4076
3872	8120	9428	6861
6908	8121	8386	4247
1874	8122	6630	9692
9647	8123	4917	3028
5749	8124	6807	8849
6651	8125	5043	3399
2386	8126	5919	1698
9079	8127	2755	8528
2968	8128	7532	9081
3035	8129	7068	5390
6702	8130	4427	4384
7626	8131	3397	1798
5967	8132	3561	1555
1963	8133	6189	2247
1538	8134	3195	5350
1230	8135	2929	3973
7462	8136	4874	2684
4926	8137	3857	9595
4675	8138	9522	7256
5052	8139	2844	8208
8140	8140	8140	9716
8806	8141	1483	1394
2206	8142	5700	8859
1085	8143	1112	4845
6323	8144	4865	6041
8396	8145	6013	4526
2507	8146	3922	7590
1255	8147	5007	7694
8287	8148	6179	8462
2945	8149	7079	5076
8169	8150	5607	5987
7635	8151	4280	8324
9022	8152	8068	5629
1984	8153	9797	9026
8337	8154	5345	9226
7597	8155	7059	6766
9896	8156	9758	1360
4102	8157	3430	2834
8224	8158	6594	4733
4158	8159	3312	3244
4625	8160	4536	2494
5419	8161	4001	7682
3393	8162	3907	1412
3330	8163	1357	8883
3931	8164	1278	4176
2196	8165	7011	8165
5298	8166	6273	7397
5285	8167	3149	3014
7383	8168	4286	8539
7747	8169	9150	2385
7670	8170	2117	5692
2677	8171	7747	8891
3477	8172	4142	3984
1506	8173	6204	5147
3030	8174	8765	9071
3295	8175	4538	7801
8470	8176	3827	4836
9220	8177	9811	5408
9331	8178	5684	2840
5928	8179	5720	4780
6887	8180	1985	3246
4883	8181	7552	5241
9393	8182	2131	9243
3561	8183	2656	3032
1904	8184	6342	7715
3255	8185	9514	4669
7481	8186	4160	7869
9416	8187	1089	1000
2423	8188	1398	2428
6923	8189	3243	1636
8190	8190	4282	1081
1070	8191	3853	4032
4075	8192	7751	6625
8689	8193	5782	1858
5112	8194	3148	5628
1740	8195	9190	4536
2186	8196	4739	5833
5242	8197	5289	4013
5437	8198	8170	8553
5963	8199	3979	1537
6495	8200	2760	1291
5051	8201	3231	8473
5621	8202	9168	3285
7087	8203	7233	2263
4336	8204	1562	5344
5686	8205	3476	9757
4615	8206	7764	1614
4936	8207	7892	4748
3901	8208	1179	2376
4208	8209	8468	6989
6605	8210	6537	7716
3225	8211	4161	8808
7695	8212	8793	1253
7367	8213	9411	8087
2341	8214	5099	8436
5513	8215	5197	2962
3588	8216	1290	8439
7558	8217	6973	8078
8077	8218	6721	8367
9591	8219	3868	8006
1019	8220	5100	7985
1701	8221	9247	2379
8079	8222	6535	2400
8493	8223	2324	5559
1212	8224	8044	1045
8858	8225	5444	7027
3364	8226	8350	7066
6068	8227	1067	1944
8584	8228	2342	6789
5730	8229	5825	9804
1917	8230	1170	5475
8282	8231	6298	8749
1310	8232	9753	3642
9104	8233	1272	7496
7047	8234	6932	1519
7560	8235	1623	9129
7910	8236	7660	5091
2281	8237	6493	6707
3885	8238	7875	2523
8910	8239	2490	1501
8240	8240	8240	8240
9811	8241	8177	7182
4858	8242	3193	1079
8641	8243	1782	5037
8529	8244	7222	9637
7996	8245	6020	2349
4851	8246	2926	5391
4800	8247	7538	6248
7715	8248	5841	3609
2925	8249	3940	1851
5855	8250	6286	5142
7970	8251	9734	1079
6021	8252	4100	8139
4018	8253	7050	8241
7638	8254	5118	3950
5968	8255	2545	7190
8487	8256	3852	8560
9046	8257	3701	7903
5138	8258	6797	7561
8882	8259	2212	7964
6665	8260	1792	8565
2368	8261	8782	4715
2280	8262	2188	2986
1892	8263	6076	1170
9417	8264	5674	2833
4772	8265	2795	7922
4085	8266	1123	2579
8645	8267	2920	7575
3147	8268	5546	2445
8451	8269	8390	9796
5829	8270	1543	8305
4020	8271	3689	6651
6190	8272	3130	2934
6938	8273	8237	5136
3297	8274	8679	8592
9146	8275	4707	5464
2512	8276	6362	8057
1265	8277	8079	6018
8923	8278	1352	9770
8475	8279	1154	8719
4850	8280	6592	5397
8244	8281	3974	3012
1517	8282	7421	5762
8074	8283	1890	2104
5862	8284	5458	3152
1744	8285	1153	8425
7940	8286	7586	1734
7601	8287	8339	7895
1501	8288	1967	7858
2406	8289	6806	5709
8290	8290	5145	6694
3065	8291	8487	8817
8005	8292	7091	5248
2504	8293	6441	6402
8402	8294	9485	2517
3521	8295	3433	9935
4008	8296	4057	3918
9441	8297	7126	5182
3465	8298	9577	3961
7478	8299	5474	8363
2749	8300	7868	1042
2895	8301	7650	4514
7165	8302	1310	9256
4564	8303	2218	6933
7279	8304	5325	2210
9298	8305	8999	8039
7383	8306	9540	9030
8981	8307	5422	5075
7686	8308	9413	3430
2449	8309	8068	5647
3373	8310	5322	1623
6802	8311	8619	8115
2999	8312	7458	7456
7196	8313	7416	2921
7957	8314	7822	6599
6258	8315	7555	8315
5941	8316	4574	5668
6080	8317	7272	3939
4578	8318	9553	8664
3664	8319	1687	1734
1470	8320	2917	7743
9383	8321	6912	7627
9137	8322	9817	5360
6458	8323	3556	9163
9909	8324	8515	5532
2293	8325	3555	2494
6700	8326	7597	5941
6958	8327	3379	5406
7162	8328	5538	6570
5165	8329	7870	8034
4330	8330	7999	2276
6400	8331	6179	6070
3129	8332	1333	1373
8252	8333	4451	5857
8056	8334	3516	3648
8169	8335	8111	5587
2972	8336	5443	9754
1683	8337	7781	6264
8346	8338	4710	4730
1565	8339	1641	7185
8340	8340	8340	8380
5326	8341	3756	4482
8393	8342	1340	2159
2571	8343	3308	4834
4291	8344	2549	1236
9918	8345	1733	2187
5301	8346	2092	9313
3876	8347	9139	7499
2377	8348	8036	5660
4661	8349	5356	7342
7457	8350	6085	4507
8562	8351	5921	3375
6288	8352	9090	2962
7625	8353	4908	5066
2158	8354	2957	4048
1899	8355	9198	5620
2115	8356	4192	3178
2669	8357	6317	3708
6134	8358	4926	4977
8006	8359	6713	7578
3075	8360	3530	7561
8469	8361	6843	2618
7692	8362	9453	4381
5255	8363	7537	6815
2874	8364	6317	5112
6566	8365	7767	5855
8805	8366	4979	7159
6489	8367	9710	5976
7233	8368	7139	5859
5806	8369	6705	7539
9553	8370	8350	1726
2286	8371	4689	1561
2889	8372	7435	3413
1191	8373	4097	8881
7805	8374	6936	6212
1609	8375	4602	8063
5781	8376	3971	3225
9516	8377	1145	4723
4216	8378	1817	1965
3813	8379	2674	4858
2201	8380	7956	1270
6439	8381	2913	6934
5827	8382	3155	1970
2652	8383	9064	3839
4395	8384	1236	7869
3684	8385	1868	2723
2457	8386	7771	4657
2279	8387	5425	8532
6142	8388	6287	8010
4636	8389	6072	5405
8390	8390	2045	8390
4561	8391	1143	6905
9224	8392	1666	2899
8607	8393	7563	7622
7348	8394	9121	2434
1798	8395	2971	5289
7744	8396	6391	6031
5599	8397	9628	7830
2798	8398	6842	5106
7666	8399	6666	4911
4888	8400	3871	7895
3457	8401	6234	6113
5422	8402	4871	7693
5248	8403	1965	3731
4742	8404	2233	2535
7114	8405	1099	7148
5369	8406	3906	5684
9125	8407	6833	3757
8182	8408	6346	2451
1432	8409	2241	9056
1924	8410	3665	9099
4189	8411	9606	1426
8283	8412	6566	7732
3156	8413	7544	5727
6098	8414	4825	4035
8084	8415	8849	9747
3316	8416	6055	9463
3384	8417	3275	7565
8823	8418	6559	7145
3724	8419	7192	7383
7722	8420	8804	5096
6787	8421	3732	4397
8232	8422	5611	4468
8266	8423	9076	4890
5935	8424	5261	7701
7418	8425	2724	8450
2437	8426	6387	5693
9996	8427	6972	7561
3175	8428	6995	9324
1645	8429	2468	2462
5750	8430	8285	1333
2212	8431	1081	1452
9580	8432	6190	8781
4322	8433	9855	8325
7003	8434	9580	8772
3583	8435	2018	1449
7791	8436	4147	1289
8262	8437	4365	4834
6079	8438	6672	3034
1826	8439	2585	4139
8440	8440	8440	4295
4227	8441	8021	2429
3768	8442	2308	8909
5314	8443	1171	2219
2402	8444	2950	1941
5256	8445	6726	9087
7497	8446	8204	6860
8687	8447	1953	1896
3275	8448	5345	6112
7641	8449	5742	5927
7732	8450	1233	3864
2760	8451	5745	4865
7888	8452	9509	2538
2082	8453	2630	8418
8517	8454	1072	2343
7955	8455	4310	6539
4055	8456	2545	3005
6686	8457	1925	1740
3348	8458	4183	1913
7252	8459	4219	6209
5080	8460	6780	8239
5694	8461	4769	8122
7299	8462	7521	4934
8058	8463	8895	7578
4967	8464	9170	2525
9499	8465	8899	8465
3378	8466	5858	6008
5089	8467	7219	7546
4658	8468	5508	3717
2691	8469	2355	2497
2311	8470	1614	3032
8444	8471	3612	8102
1019	8472	1297	6358
5776	8473	3130	9964
9110	8474	4484	3227
3248	8475	6737	2533
8665	8476	7442	5954
1246	8477	4099	9549
6112	8478	9140	8353
9536	8479	2948	8951
2109	8480	2984	4231
3738	8481	3413	1854
7594	8482	2197	9027
4871	8483	5796	9065
3406	8484	7931	7529
7199	8485	5648	4987
2443	8486	7288	8848
6573	8487	3807	3919
1298	8488	1679	6218
9022	8489	8028	2157
8490	8490	7894	9044
2063	8491	1440	4293
1707	8492	3342	6166
3684	8493	7168	7087
6168	8494	2820	9339
3613	8495	7957	3576
5102	8496	9917	2660
3387	8497	7520	3635
1405	8498	7519	5317
7067	8499	3640	5503
3723	8500	7536	8062
2771	8501	9533	3586
1858	8502	2072	5586
9651	8503	5537	7866
2326	8504	9187	8860
9462	8505	9859	9499
2366	8506	4829	4453
9506	8507	7541	4325
4572	8508	1867	5746
2476	8509	7023	1630
9229	8510	4008	4900
5112	8511	1880	5454
2406	8512	7265	3040
1752	8513	2685	1531
8889	8514	1903	6291
4393	8515	2745	5313
2753	8516	6188	7367
2829	8517	6729	5153
7677	8518	2862	8144
6545	8519	7442	9265
8867	8520	2311	5979
9765	8521	7511	8280
1259	8522	1072	9973
9978	8523	9935	2487
9422	8524	1471	1549
5565	8525	8114	8755
6137	8526	1310	8231
4418	8527	8797	3991
2690	8528	7984	2404
1673	8529	9652	6070
4939	8530	3513	5890
1571	8531	5567	6102
8432	8532	1844	4441
2480	8533	3560	8271
7970	8534	7094	9665
1107	8535	6158	3544
9989	8536	9952	3088
9666	8537	5032	7266
5139	8538	2744	6649
6175	8539	8394	4238
8540	8540	8540	8540
9787	8541	2701	5282
7622	8542	1207	2733
7521	8543	1735	3049
3933	8544	4540	9777
3353	8545	2040	5937
6866	8546	6042	9726
2123	8547	9242	9451
9454	8548	8867	9874
5623	8549	2297	6477
9209	8550	7911	3899
6845	8551	6778	8717
9846	8552	9823	9670
9929	8553	3752	2344
6082	8554	9144	8905
5236	8555	6817	6083
9626	8556	6548	5891
3923	8557	2402	1300
2632	8558	9670	3273
3276	8559	4480	8603
4530	8560	4743	9878
4267	8561	3314	8913
9837	8562	2305	9569
8746	8563	9979	7835
7959	8564	5056	9539
6509	8565	8702	8997
6930	8566	4006	7459
5967	8567	3767	6931
4975	8568	8079	4533
5090	8569	8920	7852
8639	8570	9120	6857
8994	8571	3342	2322
1334	8572	5660	9309
1627	8573	9350	9592
7678	8574	4567	7110
6121	8575	1022	9251
6596	8576	7997	3077
1717	8577	4297	2185
6458	8578	2823	6146
1294	8579	7810	8918
2394	8580	5690	2083
2160	8581	5057	1672
2976	8582	5382	9328
4163	8583	4062	2192
5327	8584	9207	8418
3274	8585	8503	7419
4112	8586	1188	1286
2349	8587	3886	3465
8475	8588	6162	3263
1338	8589	4370	8278
8590	8590	5422	5195
8332	8591	8217	7147
1893	8592	3477	5310
1258	8593	4167	3940
7921	8594	8296	2809
5230	8595	2013	5449
6288	8596	4454	7227
1134	8597	4967	5452
9018	8598	5859	7853
9064	8599	2100	2355
4742	8600	8473	3579
7840	8601	8617	3237
9737	8602	5892	1017
3410	8603	6672	8362
2799	8604	9846	8173
6052	8605	8612	9658
2851	8606	6038	5971
3572	8607	6351	6626
5700	8608	1592	6042
1968	8609	8304	3354
3832	8610	2055	4371
3265	8611	6132	1956
1555	8612	7626	1163
4953	8613	8793	9049
1935	8614	8649	5319
1836	8615	9930	8615
1559	8616	5084	5171
7266	8617	8708	4288
1563	8618	4207	1101
8423	8619	2754	6774
6055	8620	8367	3775
2337	8621	2355	6180
2980	8622	2832	7013
5173	8623	8389	7656
3793	8624	1239	6299
2631	8625	3781	4563
7813	8626	9636	4987
5078	8627	2349	6579
1399	8628	9724	3701
2673	8629	5117	1851
4735	8630	9646	1900
1718	8631	5112	8992
7491	8632	1936	3435
7345	8633	1266	5222
6051	8634	8840	1878
7239	8635	9931	4462
8225	8636	9569	3673
9719	8637	7771	8210
8442	8638	6917	8543
3373	8639	2705	7683
8640	8640	8640	5851
4468	8641	5960	7393
5419	8642	1722	7505
4665	8643	8589	9736
6257	8644	2884	6383
3157	8645	1223	7235
9059	8646	2626	3811
6795	8647	5241	1442
4589	8648	9113	8511
5293	8649	9299	4843
3153	8650	3506	3343
6761	8651	3535	5238
3642	8652	8305	4087
8869	8653	4705	7450
7241	8654	6715	6983
7068	8655	4259	3365
4122	8656	8303	6519
9655	8657	4511	2302
9919	8658	9541	2221
6395	8659	1419	4744
5064	8660	6288	8825
2277	8661	3092	8415
4125	8662	5497	3013
4222	8663	6455	1703
1870	8664	8942	3717
6310	8665	5010	7041
1605	8666	6476	3205
7698	8667	3570	3936
7895	8668	3667	9142
6855	8669	8899	3198
1682	8670	8607	8835
5402	8671	8895	2873
7569	8672	6582	6981
4124	8673	3234	1468
2894	8674	1565	1465
7310	8675	6027	1414
2269	8676	9545	5335
8515	8677	9963	6655
3376	8678	3844	9414
3117	8679	9480	4829
4411	8680	3705	5709
2993	8681	4552	4131
4269	8682	4003	7869
9957	8683	2750	7298
4622	8684	3400	5664
8462	8685	6024	2419
5905	8686	2741	1087
7730	8687	9950	7067
5564	8688	2015	5061
6572	8689	4954	9971
8690	8690	5380	8690
1908	8691	6071	4721
3908	8692	8353	2059
7216	8693	6148	2991
5897	8694	2331	9952
5885	8695	2174	2371
7052	8696	2910	2922
2461	8697	8285	5261
8954	8698	7078	4557
8272	8699	2162	3025
8780	8700	1098	2800
3725	8701	6758	7736
5349	8702	9692	5962
3660	8703	9966	7895
6007	8704	9640	3794
6508	8705	4542	7071
8672	8706	5678	7829
4923	8707	8981	5539
1326	8708	8620	5460
8259	8709	1275	5312
6257	8710	7862	4745
1991	8711	6995	2947
6577	8712	4614	8475
5514	8713	1013	7780
3776	8714	1395	5146
6467	8715	6330	8846
7401	8716	2888	7099
1883	8717	2338	7324
8568	8718	9998	9165
9835	8719	7155	7398
1244	8720	9209	3106
8821	8721	7370	4874
8744	8722	6678	7113
1001	8723	7082	6255
1492	8724	5175	3309
4442	8725	7424	5615
6536	8726	8152	2295
7876	8727	6004	6826
3637	8728	7779	1003
3709	8729	4904	4406
5194	8730	2299	2086
7334	8731	6122	6850
8964	8732	3447	6059
1237	8733	5376	5919
9320	8734	7954	4704
3233	8735	8511	4141
6913	8736	8769	3829
3213	8737	9486	4099
7716	8738	6267	7206
3449	8739	8748	8237
8740	8740	8740	6971
4579	8741	5733	2844
2582	8742	4506	8452
2291	8743	3613	7245
7678	8744	2268	6901
5101	8745	1763	5576
8926	8746	2068	1755
1480	8747	6025	2837
6655	8748	6964	9651
9123	8749	9392	2383
5275	8750	8480	7785
8149	8751	1993	9284
4448	8752	4449	9946
8253	8753	9049	3905
3759	8754	8919	7338
7066	8755	9334	8397
1037	8756	2110	1439
1314	8757	9144	6202
7806	8758	1849	8355
7875	8759	8127	2297
4559	8760	9506	3194
3459	8761	4228	7188
7306	8762	5931	3471
6967	8763	7640	6413
9273	8764	5676	3622
1322	8765	2083	8765
1113	8766	3137	8382
5140	8767	4604	3792
9820	8768	9968	2776
3589	8769	5204	2618
6907	8770	1141	3247
4450	8771	7790	9615
8751	8772	9242	2796
6015	8773	2728	2508
7672	8774	7210	7231
4116	8775	3469	9135
1454	8776	4500	9434
1548	8777	6406	8929
9659	8778	4371	2802
4247	8779	9128	3502
7958	8780	3630	3206
6646	8781	2894	6106
2493	8782	4649	8648
5451	8783	8714	8693
3070	8784	8611	4859
6697	8785	6252	8756
9186	8786	5860	7407
9065	8787	4606	3413
8835	8788	7681	4573
2695	8789	8759	5666
8790	8790	9107	5572
3894	8791	7945	7749
8273	8792	8333	3483
8408	8793	8852	6293
3286	8794	3655	4482
6558	8795	2167	1921
8172	8796	8258	8445
2937	8797	6886	7513
9714	8798	8785	4573
9211	8799	7070	9506
2992	8800	7548	1900
9235	8801	4739	2030
3426	8802	1368	7837
9805	8803	7384	6564
7783	8804	2373	9239
1342	8805	2394	3644
8671	8806	9062	6705
9875	8807	9193	6750
4337	8808	6364	1953
4265	8809	3772	1823
7287	8810	9399	4261
2128	8811	9348	3135
8223	8812	7507	9252
9267	8813	3696	4478
2117	8814	1649	5811
7135	8815	9374	2595
1082	8816	4847	8916
5770	8817	7549	2832
9052	8818	3922	2420
6078	8819	3641	9105
2041	8820	1413	1741
8825	8821	4741	6915
5369	8822	4060	5785
3307	8823	6794	4735
6418	8824	8613	1374
8864	8825	9806	3531
2939	8826	4386	4303
8964	8827	2302	8395
1235	8828	4833	8010
5335	8829	6681	7249
9255	8830	4983	4029
2104	8831	2580	1275
5516	8832	4938	5782
2762	8833	5951	2253
4099	8834	4794	9410
9819	8835	4598	7451
7065	8836	7457	8060
6400	8837	4095	6927
3325	8838	5878	3043
4120	8839	2163	7194
8840	8840	8840	8840
7357	8841	6654	5222
7133	8842	4774	8930
8446	8843	7386	5681
2800	8844	1706	5604
3505	8845	7488	5864
3706	8846	6706	4704
5823	8847	9245	2240
7330	8848	8867	1456
6683	8849	5889	1587
3898	8850	3443	5029
8765	8851	3677	9906
2725	8852	4407	9747
1126	8853	6852	6285
9310	8854	7438	7460
4784	8855	2033	6592
6458	8856	8106	8093
2716	8857	2915	7779
3340	8858	6410	8666
9510	8859	6159	2276
2926	8860	4059	2190
3675	8861	7942	1222
5741	8862	9845	8682
6865	8863	1489	4799
9408	8864	3897	6382
3368	8865	2181	9383
7479	8866	3862	2384
9904	8867	1453	3834
6189	8868	1680	2034
3409	8869	1777	1659
1949	8870	7928	7691
1461	8871	3336	6673
9681	8872	8300	7954
1804	8873	4373	8224
3190	8874	8247	1249
8562	8875	9523	4398
5073	8876	6762	9652
8717	8877	6896	9400
6986	8878	2347	3871
8953	8879	6017	6476
8844	8880	1579	9762
4538	8881	8954	9027
8113	8882	2175	2129
9907	8883	5361	5683
6686	8884	5484	9464
5301	8885	6232	4157
7992	8886	8926	6123
8883	8887	6015	5536
6252	8888	5685	5508
9824	8889	9448	2325
8890	8890	4798	2335
1735	8891	9775	7234
8758	8892	1776	6170
4897	8893	2633	7257
6736	8894	5622	7946
4979	8895	1698	1910
9159	8896	1650	1508
3208	8897	2045	3503
1979	8898	1814	5559
8789	8899	5519	1377
7560	8900	9227	4527
3040	8901	8538	9553
8658	8902	2281	2780
7426	8903	4945	7025
7279	8904	8073	7088
5380	8905	9279	5426
5177	8906	1877	9614
5444	8907	8014	8329
8218	8908	7668	2868
1804	8909	5672	8977
7030	8910	4477	6175
9271	8911	6033	7955
9272	8912	4072	9759
1426	8913	2464	8700
4637	8914	7175	2673
7968	8915	2995	8915
1024	8916	3102	2888
2112	8917	3388	9804
1980	8918	4639	3173
7217	8919	6791	3196
6427	8920	7270	7619
9756	8921	1583	6915
6134	8922	8279	7233
4664	8923	8529	4616
1517	8924	1629	2599
4384	8925	1837	3592
5684	8926	7109	7690
4950	8927	8477	4099
4044	8928	8815	4242
2738	8929	6841	3315
8219	8930	5521	5993
1418	8931	1897	4712
7350	8932	4783	8095
3444	8933	3946	6009
8956	8934	6131	4131
9886	8935	4221	9234
5491	8936	2826	4564
1149	8937	2242	3438
9874	8938	8374	2915
3182	8939	3065	7317
8940	8940	8940	4462
1928	8941	8342	4163
5946	8942	5657	9331
7825	8943	1867	7159
3998	8944	9022	8337
2408	8945	1447	6580
2612	8946	7539	1434
4816	8947	7579	1079
6165	8948	1123	6739
7415	8949	9969	9049
4676	8950	3500	6464
6952	8951	2108	6285
5993	8952	5926	1914
3623	8953	6667	3794
2358	8954	6470	2482
5494	8955	7479	9805
9205	8956	1075	4919
4740	8957	7612	4571
7943	8958	3220	2063
5723	8959	4655	6727
1478	8960	4501	6937
8216	8961	3178	2220
4358	8962	7527	6329
1383	8963	9392	4335
2756	8964	5668	7232
4572	8965	7458	5464
9993	8966	6547	9085
5099	8967	9134	9930
6144	8968	6903	7645
3810	8969	4197	8604
1631	8970	6026	5422
8972	8971	2121	4625
3604	8972	4857	7543
9627	8973	6177	9267
1379	8974	8859	6355
7028	8975	6002	7440
8286	8976	5515	5079
5696	8977	8098	1776
5880	8978	9469	1397
7886	8979	9224	9234
2949	8980	5412	3414
7563	8981	8934	5772
5801	8982	5853	1001
5249	8983	6489	1947
9640	8984	7281	4378
2552	8985	5730	2336
8304	8986	1006	6167
1667	8987	6522	2240
5006	8988	9799	9220
3905	8989	9910	4315
8990	8990	8239	8990
8110	8991	4429	6643
3181	8992	2328	8627
6440	8993	4349	6460
5272	8994	3139	4930
2245	8995	8371	2809
9881	8996	2713	9340
1235	8997	7912	9237
2431	8998	6332	7162
5378	8999	5802	2025
4260	9000	3647	7895
2317	9001	9843	4270
6371	9002	8158	1790
6927	9003	5896	8408
6702	9004	8069	5962
2172	9005	9757	6128
7651	9006	8390	1880
2503	9007	3083	9062
5729	9008	5881	9436
8703	9009	6255	7677
9825	9010	5347	9400
3513	9011	7820	3126
8831	9012	4839	2810
2000	9013	5961	1823
4407	9014	6679	1993
8324	9015	4338	1469
6314	9016	7609	8697
1625	9017	9321	1592
2498	9018	2797	7149
8724	9019	7420	1550
2928	9020	2714	7182
5657	9021	7252	6481
7674	9022	1833	8864
2288	9023	5113	7130
2822	9024	6877	8617
6769	9025	2487	1432
6858	9026	5219	4055
2588	9027	4433	8576
4501	9028	5284	5451
6922	9029	4844	9251
1254	9030	1661	2425
1377	9031	6720	5453
2710	9032	9320	5025
6755	9033	6868	9745
9443	9034	6199	5752
5387	9035	1612	5073
7308	9036	4796	1157
8185	9037	8175	5402
2933	9038	9258	6506
8498	9039	2544	6686
9040	9040	9040	5878
4572	9041	7734	3022
8442	9042	2899	9337
5518	9043	9588	2785
2830	9044	5725	7869
5188	9045	9621	3364
4453	9046	3061	9643
7408	9047	5919	3665
5745	9048	8941	8490
5852	9049	5921	6294
3196	9050	9884	8717
9235	9051	7124	4302
8442	9052	9300	6285
5237	9053	9760	3358
5949	9054	7386	1518
4375	9055	5304	2630
3651	9056	4504	8223
3756	9057	7031	9770
2301	9058	9009	7550
7404	9059	3999	3040
9268	9060	5062	5592
6527	9061	6226	8976
6856	9062	3746	9726
8092	9063	3114	3209
8516	9064	3083	9164
2717	9065	4027	9065
5940	9066	3405	9201
5887	9067	8758	2732
4725	9068	5689	5886
7212	9069	2594	7650
4619	9070	7314	4841
2565	9071	4535	4072
6664	9072	2079	4881
9205	9073	1673	6197
9025	9074	7182	1433
2959	9075	8197	9791
3720	9076	7707	2939
9807	9077	5110	7278
5477	9078	9937	9639
8860	9079	1121	9223
3508	9080	5649	2608
5349	9081	5077	3180
3601	9082	6160	1397
4683	9083	1104	9300
6470	9084	3102	2699
3398	9085	1373	3549
2142	9086	7012	9386
7953	9087	6520	5322
1303	9088	2086	9563
1066	9089	4318	3918
9090	9090	7457	1275
3200	9091	8217	9759
6182	9092	9753	4551
7930	9093	7593	6706
7632	9094	2119	8922
6091	9095	5393	3337
4366	9096	6234	7396
6884	9097	5200	4488
3772	9098	4264	9797
7464	9099	4635	2644
1172	9100	9180	3742
4112	9101	4751	5501
8242	9102	5316	2795
6634	9103	5080	9074
4345	9104	9970	1995
1792	9105	7004	2959
7635	9106	2327	1084
8553	9107	8948	7891
9671	9108	4904	6717
4508	9109	1747	1715
1163	9110	7266	6534
7245	9111	3114	2253
2563	9112	1161	8069
9082	9113	7030	9132
2529	9114	6766	4077
8160	9115	2095	8497
3783	9116	9709	1847
2790	9117	6980	9172
7484	9118	4251	5391
6373	9119	2717	9520
4609	9120	6404	6474
8084	9121	7032	8170
3160	9122	8082	2976
8728	9123	3272	3030
6416	9124	7245	7534
5214	9125	3223	2568
3135	9126	9599	7808
5720	9127	5157	7512
3712	9128	4591	5663
4260	9129	7219	7192
3586	9130	4071	9469
2160	9131	6313	9505
5696	9132	8705	1013
4263	9133	1822	9908
7820	9134	6345	1331
1261	9135	8404	7340
8041	9136	4894	2840
7753	9137	8310	3836
2830	9138	4654	4091
4322	9139	7477	8538
9140	9140	9140	9140
5809	9141	4603	6179
9775	9142	1759	4575
7449	9143	2793	1569
7330	9144	6113	5728
4775	9145	9195	5463
7447	9146	8334	7895
8658	9147	4278	6058
8573	9148	1741	7278
2295	9149	1447	1070
9540	9150	6612	2238
9062	9151	3193	2730
2752	9152	1140	2855
1960	9153	5233	3917
4293	9154	8506	9608
7112	9155	8328	7196
2444	9156	3460	1051
1034	9157	5789	3773
8413	9158	2052	1956
8451	9159	8449	8745
2023	9160	8134	7795
4023	9161	6193	1780
9291	9162	9554	9590
7766	9163	4942	2102
5072	9164	8394	7521
8381	9165	3416	7206
5414	9166	3745	5056
1071	9167	9528	4174
2161	9168	8684	9061
8102	9169	1868	9825
1213	9170	1234	5176
6434	9171	6595	6662
8286	9172	5025	6472
1264	9173	6372	1341
3287	9174	1805	7389
7772	9175	6971	7406
4137	9176	6180	1071
9299	9177	1643	5888
7081	9178	1777	5124
6523	9179	6946	9928
5635	9180	6031	6432
4963	9181	7964	6338
5273	9182	2763	6163
3170	9183	4333	4004
3755	9184	9000	3831
2353	9185	6138	4745
1290	9186	1844	7710
8948	9187	9693	7532
7242	9188	8737	2693
3571	9189	9987	1164
9190	9190	1730	7162
8393	9191	3857	3281
1950	9192	9753	8393
3205	9193	4311	2908
5145	9194	8647	2723
3999	9195	1693	7803
3256	9196	2378	2453
6786	9197	9797	8497
1751	9198	8826	4234
3913	9199	2760	9882
3809	9200	4434	1175
7227	9201	3125	4303
2584	9202	9931	5086
8370	9203	2153	2175
5178	9204	5697	7484
8989	9205	7193	2797
4980	9206	5225	1384
5762	9207	2041	6026
6153	9208	5718	6881
8461	9209	6359	6172
8449	9210	3986	9882
3228	9211	5725	5861
3500	9212	1894	7160
9834	9213	4990	7769
2856	9214	7055	1966
8242	9215	5930	9215
9830	9216	2634	4814
9205	9217	7322	6062
7911	9218	7906	2725
5826	9219	4180	4501
6958	9220	4123	2884
5755	9221	6932	6631
3799	9222	8183	3278
7944	9223	4335	2976
9092	9224	2768	6475
1320	9225	9801	6273
8870	9226	7516	8352
4849	9227	3466	8272
6185	9228	4932	9885
8203	9229	1134	1019
1424	9230	6459	9713
9436	9231	8480	8533
1816	9232	3849	8603
5271	9233	1489	2010
9107	9234	1491	2969
8007	9235	9728	6717
3327	9236	6682	6394
2640	9237	7745	7898
7980	9238	5592	5254
9422	9239	8121	4797
9240	9240	9240	4904
9974	9241	9187	3218
7022	9242	1923	3224
1832	9243	9265	9942
7181	9244	1371	7624
1189	9245	3359	1768
1350	9246	9511	6143
7835	9247	9329	4889
3999	9248	2990	2383
3142	9249	2577	2357
5563	9250	3299	1755
9743	9251	3197	5094
3053	9252	9234	9682
7674	9253	7507	6345
6052	9254	3149	1096
3874	9255	9166	7208
5910	9256	5843	7385
1966	9257	5835	8295
1500	9258	6038	8677
6444	9259	6469	8309
4549	9260	2778	9862
8111	9261	2597	4248
7071	9262	6712	6323
4663	9263	6227	3628
9048	9264	6195	7363
6954	9265	8842	8191
6582	9266	2273	2123
8872	9267	1742	4996
4213	9268	8685	1168
1204	9269	2859	1266
3103	9270	5805	2814
6145	9271	9916	2318
1781	9272	4866	7912
6574	9273	8576	8936
5605	9274	7262	6451
2390	9275	7647	8659
4137	9276	8153	8921
9598	9277	5956	6427
1347	9278	5117	7429
8059	9279	7950	6629
9576	9280	8377	1426
2690	9281	1123	8596
3694	9282	9265	3135
1963	9283	8214	3437
8170	9284	5210	7730
7169	9285	5616	4701
8104	9286	7499	5067
7987	9287	3023	9729
3965	9288	4020	1677
7004	9289	2981	2288
9290	9290	9679	9290
3124	9291	1876	2169
5706	9292	8248	1842
1754	9293	1984	4993
9330	9294	6915	4039
5372	9295	6403	2894
5014	9296	8183	3841
9183	9297	6140	6796
2679	9298	4122	2024
1034	9299	9600	5801
6493	9300	2550	5292
9190	9301	8291	6295
3137	9302	7510	1179
1530	9303	4896	1154
4117	9304	6318	5771
4161	9305	9487	5422
8655	9306	2631	5490
2119	9307	5318	3168
9229	9308	9646	6535
2661	9309	4970	9432
6407	9310	1992	6767
1137	9311	2147	8597
2097	9312	9885	8221
3724	9313	5224	1311
1048	9314	2708	1989
4726	9315	3693	4455
2796	9316	6741	9783
7546	9317	7410	1172
5504	9318	8636	5397
2854	9319	8310	6925
3945	9320	1896	6077
9929	9321	2737	2993
6541	9322	3257	2812
6703	9323	3241	6117
6905	9324	5087	6722
6110	9325	6831	7164
4131	9326	5479	2896
7029	9327	7460	9728
3884	9328	4305	8728
9827	9329	7681	7493
3142	9330	6103	4794
2730	9331	2616	2901
9749	9332	3417	5924
7451	9333	7778	5524
9740	9334	3179	9712
5989	9335	1896	2136
1071	9336	2503	2133
5122	9337	5556	3402
6964	9338	7104	4925
6861	9339	9692	5545
9340	9340	9340	5610
1456	9341	8442	6799
9924	9342	9548	4961
5103	9343	3167	5412
6636	9344	9082	6759
4834	9345	6313	9739
3680	9346	3998	3772
8532	9347	4319	8400
1829	9348	5520	6931
3021	9349	2998	7586
1201	9350	9294	5701
6319	9351	2431	2314
5962	9352	1294	2127
8576	9353	8449	6365
8695	9354	4755	2302
5310	9355	4762	8345
8024	9356	8209	2723
5333	9357	2112	5915
7706	9358	1778	8292
6576	9359	4951	3189
8041	9360	3370	1677
9006	9361	2400	7165
4462	9362	4204	9781
2211	9363	6007	3849
3386	9364	6020	8435
7962	9365	8492	9365
2329	9366	1178	7648
2328	9367	5363	7441
5541	9368	3067	8937
6149	9369	9570	6063
8391	9370	9928	5857
2483	9371	6080	5308
4052	9372	1769	4855
7167	9373	8255	3651
9971	9374	2782	4602
5689	9375	8692	6902
6362	9376	3630	5996
1452	9377	6854	2668
1569	9378	5822	2463
7479	9379	3479	5812
9200	9380	8795	3121
6361	9381	4491	6566
2178	9382	1836	5088
1548	9383	5321	8118
5763	9384	9828	1482
7674	9385	3557	2783
7444	9386	6220	7181
1494	9387	6128	2561
8546	9388	1348	8459
5383	9389	7472	4697
9390	9390	6202	4673
7279	9391	4068	6583
3214	9392	9996	5227
4350	9393	2498	2260
3710	9394	1781	1241
5018	9395	4899	5553
9217	9396	8910	5015
3777	9397	1435	4679
2520	9398	9277	2989
4439	9399	7457	9150
2888	9400	4274	9121
5793	9401	8363	4095
2902	9402	5472	7940
6155	9403	9675	2884
1117	9404	5083	2759
4939	9405	8698	6204
7446	9406	9448	4737
6791	9407	1366	1526
2191	9408	5298	5893
2997	9409	6147	4637
4920	9410	7647	6363
6488	9411	5781	9117
9214	9412	8047	3952
6437	9413	3763	4113
9003	9414	6728	1310
7015	9415	6830	7461
1403	9416	8203	5083
3547	9417	6840	7723
7113	9418	1552	9293
5041	9419	3372	3603
4230	9420	7207	5923
4043	9421	2227	7586
9957	9422	9963	1056
7804	9423	6607	7569
5270	9424	9794	3812
6982	9425	2915	6914
9058	9426	1605	1136
1761	9427	5000	9298
8069	9428	9986	8393
7927	9429	8848	5263
4511	9430	7385	6361
4801	9431	7607	5266
9546	9432	7783	1610
6952	9433	5882	3818
9386	9434	9954	6088
8497	9435	5778	5171
7976	9436	7226	3529
5524	9437	3553	7243
3732	9438	1460	4324
7000	9439	8193	5619
9440	9440	9440	9440
8059	9441	3173	1875
5822	9442	6548	3973
1045	9443	3233	6621
3567	9444	2079	4629
6021	9445	5019	6486
2517	9446	5352	6935
5250	9447	3737	3996
7065	9448	1001	4830
4175	9449	6860	8166
4769	9450	9327	3492
8162	9451	3288	9112
8260	9452	7772	3152
4964	9453	8408	8457
5155	9454	5075	8402
6056	9455	8439	3149
5656	9456	2360	1497
8575	9457	6441	4343
3795	9458	5443	2197
9522	9459	5258	5345
3988	9460	7068	5091
7194	9461	2243	6922
9260	9462	7127	4405
8931	9463	6172	8876
5241	9464	5417	7725
2548	9465	6212	5110
8783	9466	4136	1474
4289	9467	2841	3179
9201	9468	7580	7550
9921	9469	9563	7982
9350	9470	9195	9396
2916	9471	5142	7955
6990	9472	9170	8633
6330	9473	9602	8440
2352	9474	6021	1471
3444	9475	5964	8116
7159	9476	9431	1873
6370	9477	5621	2671
6895	9478	6469	3108
8630	9479	5555	5884
2857	9480	6013	7410
2258	9481	3532	5790
3207	9482	9774	8242
8812	9483	5791	5645
2951	9484	2764	6541
4653	9485	1660	5708
9137	9486	2572	6050
4713	9487	6201	4974
2310	9488	1529	4668
2821	9489	9941	1378
9490	9490	9336	5752
6162	9491	1004	1050
8823	9492	6497	8259
4189	9493	9496	7723
2498	9494	2165	3801
9728	9495	6516	8919
2175	9496	8781	7685
1549	9497	9561	9431
6725	9498	3507	4149
7082	9499	1498	4971
5898	9500	8614	8403
7327	9501	1739	6077
8099	9502	7502	8245
5441	9503	2012	5524
2177	9504	9738	1684
9152	9505	2108	4614
1738	9506	2259	7851
7014	9507	7046	7309
4349	9508	2108	4890
4061	9509	5581	8326
2771	9510	6380	5273
2534	9511	3211	4782
4271	9512	2253	1090
4501	9513	2306	5938
9559	9514	4269	4652
4962	9515	7545	9515
5402	9516	2635	2542
1038	9517	7887	7596
9069	9518	9099	1325
3933	9519	6284	8345
5397	9520	6247	7368
2732	9521	1344	3155
1068	9522	2909	2461
5913	9523	6032	5389
7140	9524	4360	2392
3661	9525	1702	8669
7657	9526	8528	1902
4209	9527	3202	1435
9630	9528	5156	7695
5036	9529	9010	6338
5759	9530	5616	6113
2112	9531	6348	3319
1680	9532	7758	8902
9591	9533	1604	8748
7177	9534	4984	5292
1707	9535	4711	3068
1429	9536	7511	2905
2659	9537	1661	9075
6105	9538	5835	7463
5337	9539	6904	3401
9540	9540	9540	1583
9166	9541	2903	9151
2790	9542	8105	5422
1701	9543	7596	1625
8533	9544	9119	7546
8610	9545	2936	2650
1362	9546	4297	7267
7780	9547	8891	6839
6580	9548	5768	4324
9915	9549	2602	6735
8114	9550	6745	8458
3712	9551	9153	7441
1686	9552	4899	2915
4543	9553	1322	8130
4028	9554	8914	7637
9797	9555	5967	5750
8355	9556	5545	2128
9619	9557	3385	8267
5943	9558	2269	3520
5073	9559	2921	3462
1071	9560	3379	6118
4293	9561	5607	6345
9404	9562	7530	4412
3605	9563	5499	6496
5203	9564	6270	8733
5500	9565	7864	8183
6980	9566	3942	4014
3894	9567	8611	9160
6398	9568	2050	2970
8736	9569	5902	4044
6619	9570	1500	8910
4739	9571	5460	4716
9697	9572	3481	4499
5416	9573	7702	2849
9663	9574	1606	3938
1493	9575	6167	6891
7674	9576	7728	1995
4268	9577	4912	6317
7615	9578	5509	9509
9988	9579	6162	1423
7654	9580	9814	1487
4059	9581	7125	5820
5876	9582	5403	8077
4735	9583	2802	4106
4015	9584	1734	9999
2706	9585	5436	1811
6167	9586	4164	4732
3564	9587	4421	7959
6960	9588	8546	6953
7089	9589	7479	7725
9590	9590	6085	9590
5229	9591	7533	4121
4551	9592	4565	2504
5253	9593	8042	1076
8553	9594	5084	3950
9675	9595	5975	3247
6874	9596	7309	2069
4381	9597	1246	1922
5694	9598	6662	5431
5154	9599	7819	7353
2583	9600	3148	7901
7621	9601	1025	9242
8210	9602	3135	1256
5785	9603	5895	3914
4215	9604	4811	3653
7536	9605	6951	3950
4240	9606	9140	1124
6951	9607	3875	4683
7686	9608	1186	1925
9579	9609	8937	8062
4400	9610	9011	9177
6840	9611	3777	2826
3777	9612	7593	1456
8583	9613	5023	5837
2293	9614	4301	7124
5898	9615	2918	8209
7665	9616	7860	6119
5454	9617	9309	8184
1581	9618	1348	1929
8132	9619	3428	9357
8219	9620	5299	3049
2972	9621	3654	2347
3872	9622	3183	5582
9432	9623	9850	1347
3347	9624	1658	1526
7714	9625	2399	2478
4990	9626	5786	6183
9179	9627	7594	1189
6967	9628	1882	2743
4071	9629	8320	7823
9097	9630	9404	5618
3193	9631	5049	4039
2673	9632	8807	9500
4043	9633	8973	5787
1092	9634	6621	4839
6786	9635	9680	6488
1591	9636	3835	9670
5190	9637	5318	8776
4792	9638	1429	3776
7933	9639	3499	5283
9640	9640	9640	2777
2123	9641	7474	7171
8389	9642	7068	6470
3829	9643	4333	1309
6272	9644	1091	3630
4900	9645	5142	2320
8279	9646	4357	7809
8394	9647	4120	9030
6837	9648	7371	5655
1026	9649	4644	7661
5557	9650	5125	4646
6425	9651	5405	4546
2255	9652	6131	1683
5725	9653	1002	2564
4054	9654	4528	6830
4401	9655	7723	2319
4117	9656	3597	2872
5869	9657	3903	1449
1323	9658	4271	4909
7715	9659	8775	1590
9580	9660	5138	7017
6694	9661	3149	5342
9907	9662	7870	3940
9343	9663	8475	7223
7547	9664	2287	4162
6749	9665	2354	9665
9691	9666	7108	1301
8331	9667	7140	5869
1702	9668	3460	2579
2890	9669	7763	1426
7231	9670	2306	7983
4906	9671	6358	8818
8433	9672	4773	7302
3004	9673	2733	9200
6127	9674	9955	6421
7270	9675	9140	4313
2834	9676	8884	2790
3133	9677	9865	9337
7716	9678	8655	2611
1155	9679	4143	4335
3003	9680	4321	1594
2290	9681	7060	4066
9983	9682	1912	5010
2102	9683	4719	2087
1624	9684	6410	5647
4241	9685	8084	3781
5165	9686	9995	1918
8263	9687	2891	4803
2337	9688	6493	3434
8549	9689	1794	7575
9690	9690	4066	2147
2764	9691	6790	4438
9373	9692	4433	4160
8838	9693	8097	8038
8632	9694	2152	1869
9899	9695	4339	6325
5673	9696	9522	6060
5259	9697	6127	5543
9918	9698	4493	8756
3405	9699	1531	3280
8588	9700	2469	1453
7088	9701	3668	5061
3564	9702	5496	1168
2284	9703	7168	3544
1151	9704	5681	9242
3268	9705	1866	9027
2385	9706	7644	4528
8382	9707	7323	7979
3050	9708	5485	8872
8605	9709	4361	6239
5426	9710	6443	4149
4995	9711	6273	9343
4895	9712	7478	6312
7869	9713	9318	6056
9695	9714	5192	7820
9837	9715	2800	7855
9172	9716	9341	5552
4728	9717	4828	4270
6253	9718	6924	4191
2140	9719	9546	7250
3471	9720	5699	6666
9835	9721	7493	9741
3784	9722	5753	6995
1515	9723	7928	5094
3121	9724	8340	5817
2391	9725	3844	6226
6273	9726	9595	7969
6765	9727	8374	7866
1682	9728	5227	5910
6918	9729	6920	9212
4690	9730	8658	6918
3811	9731	4587	5322
8476	9732	6744	1735
8997	9733	7382	7311
7733	9734	9213	8001
9665	9735	8445	3922
9599	9736	4445	5961
8785	9737	6112	1977
4173	9738	9157	1653
9521	9739	4277	3501
9740	9740	9740	9740
7547	9741	7072	5880
1033	9742	7251	8831
6451	9743	5719	4132
3753	9744	3477	4973
8765	9745	1231	3344
6810	9746	2022	4695
2679	9747	6677	3170
6124	9748	4568	7651
3524	9749	9760	5011
1292	9750	7989	3498
9288	9751	4398	8402
7905	9752	2294	2276
2207	9753	6968	3192
3670	9754	1182	3426
1241	9755	3587	9781
4575	9756	3086	8406
2019	9757	1912	3081
2050	9758	7431	9086
5627	9759	8742	2458
5968	9760	3458	9771
7309	9761	9484	2710
1213	9762	5322	2230
5783	9763	5288	7405
5634	9764	7994	3046
1897	9765	1180	3707
1199	9766	2059	1226
4262	9767	7026	2945
6625	9768	1053	8327
3731	9769	7434	1491
1829	9770	2657	3833
4878	9771	9078	9010
1043	9772	4417	6830
7517	9773	2724	3211
1079	9774	1287	8463
6386	9775	4811	4564
5481	9776	6194	1932
9022	9777	6668	3979
3344	9778	4173	9142
7554	9779	5720	5975
4160	9780	3751	7619
1540	9781	2211	7561
2987	9782	5340	7246
9131	9783	9724	3287
7977	9784	2500	4763
2015	9785	9225	4096
6853	9786	2068	9757
6327	9787	9905	8687
8895	9788	8698	2893
5309	9789	7526	1074
9790	9790	4233	6180
2267	9791	6638	8954
7455	9792	8355	2409
1370	9793	4726	2268
7394	9794	9755	7550
7246	9795	3406	9579
1832	9796	7978	2142
6851	9797	2135	9556
5823	9798	6736	5735
1719	9799	9339	2394
5668	9800	4583	5031
5417	9801	1634	8488
2658	9802	3805	6079
3264	9803	8682	8103
9715	9804	5023	1737
8459	9805	9722	5605
5612	9806	9512	5120
4138	9807	7584	1160
5215	9808	5887	8712
5621	9809	1442	1598
5187	9810	1031	5352
3517	9811	6909	9859
1771	9812	2562	5905
5874	9813	7699	2964
2528	9814	3620	7107
2779	9815	4636	9815
7169	9816	7326	4074
8792	9817	4525	7723
5495	9818	8106	2901
2840	9819	3392	6464
2844	9820	5345	6520
7330	9821	6888	6451
2138	9822	4812	7693
1515	9823	6816	6209
9865	9824	6371	3940
9642	9825	7556	9335
1448	9826	8359	8416
5949	9827	3627	7937
2950	9828	6886	6231
6564	9829	4306	9737
1852	9830	5406	7543
5613	9831	4589	6057
6887	9832	3521	3702
1098	9833	5808	4242
8402	9834	6601	8801
5252	9835	6389	9679
4393	9836	7216	4519
9867	9837	9791	1713
2516	9838	2663	3449
6854	9839	4142	1873
9840	9840	9840	9725
3545	9841	3653	7762
4649	9842	7221	4655
3905	9843	3950	5785
8725	9844	9113	7690
4833	9845	5512	8887
3932	9846	1891	4418
5688	9847	3698	9992
5331	9848	5966	9885
7643	9849	8626	3474
4523	9850	4182	4055
5784	9851	4108	2759
8867	9852	5650	1593
9979	9853	7422	4536
2583	9854	3069	7412
3470	9855	7690	4584
2862	9856	2475	1943
8642	9857	6403	8529
7534	9858	6935	5208
7243	9859	6605	9574
4949	9860	8261	3809
5931	9861	2682	6165
5469	9862	7851	8290
8236	9863	8972	4907
7330	9864	2676	2764
7542	9865	9561	1506
7063	9866	5016	7502
2510	9867	8772	7164
4048	9868	5603	5730
6798	9869	8159	5945
3128	9870	3201	9303
4363	9871	3511	6656
9933	9872	1413	4414
9993	9873	1820	1781
1275	9874	1574	6565
1916	9875	1724	8670
9717	9876	4566	4927
2467	9877	8939	6441
6971	9878	7619	3708
2761	9879	1725	4696
6165	9880	7521	3675
7579	9881	9753	9124
8334	9882	9034	1155
5720	9883	4260	8897
8776	9884	4005	9404
7129	9885	8450	8001
2442	9886	5614	2357
3117	9887	7491	7458
3749	9888	7101	9064
1536	9889	2750	8812
9890	9890	9185	9890
9390	9891	1834	7332
5570	9892	9258	1593
4467	9893	6037	6203
9014	9894	1599	8117
4703	9895	9337	5611
3451	9896	9298	6042
8685	9897	2491	5342
6878	9898	6537	8009
6689	9899	7418	5964
5686	9900	9048	9530
5011	9901	9051	1572
7571	9902	5079	1756
9837	9903	4934	6889
9771	9904	5439	9572
6888	9905	6519	6786
7041	9906	2138	4469
6874	9907	8102	5507
4265	9908	7350	8896
7335	9909	9938	3879
8785	9910	4677	1972
1304	9911	6277	1438
1584	9912	4087	6903
1885	9913	7185	2600
1083	9914	8529	8418
2700	9915	9993	2938
3825	9916	2207	5047
6729	9917	5999	8312
5791	9918	9837	6468
6597	9919	2314	5194
4399	9920	1592	5402
9618	9921	8332	6349
4125	9922	1101	8649
9560	9923	9185	3656
1162	9924	7741	6689
3795	9925	6004	9901
1614	9926	6870	6728
4334	9927	3443	9895
1807	9928	6666	7934
3561	9929	6941	8845
2433	9930	7859	6777
4652	9931	8364	3783
4796	9932	3467	4788
7144	9933	1238	5651
5838	9934	3151	3517
9322	9935	2046	6375
4010	9936	4474	4565
8121	9937	2221	8701
9730	9938	7824	4722
7787	9939	6666	2505
9940	9940	9940	9390
2315	9941	1870	4142
6574	9942	1464	1622
8012	9943	7296	5716
3480	9944	8107	3275
4779	9945	5924	1999
3592	9946	1955	8881
1864	9947	3029	6457
5971	9948	5814	6024
4430	9949	7698	5219
6254	9950	1076	2569
7666	9951	9952	2248
2888	9952	4691	9519
7887	9953	3935	4033
7135	9954	4841	3319
6710	9955	7496	7678
4507	9956	1898	9610
3630	9957	9870	1463
8832	9958	8323	3235
8844	9959	4961	2563
8348	9960	2836	7474
6696	9961	9582	2404
1826	9962	7634	6055
6628	9963	2123	5920
4176	9964	4108	8625
8920	9965	6301	9965
1651	9966	9797	6127
7426	9967	8233	8238
5633	9968	7547	6373
1838	9969	6055	2369
4142	9970	3191	9747
8581	9971	6033	1250
5523	9972	7665	1233
1265	9973	5685	9333
9535	9974	9851	4160
4688	9975	1319	2276
7980	9976	7035	8116
5379	9977	4117	9504
6993	9978	9832	5312
4552	9979	8949	9661
6654	9980	9395	3235
2143	9981	5913	1064
9096	9982	8389	7347
4357	9983	3410	8735
9165	9984	7832	9998
9136	9985	9398	9667
2399	9986	5691	3841
3268	9987	1585	6801
8092	9988	8186	9723
8316	9989	9080	6630
9990	9990	6647	4969
4969	9991	3769	7328
3744	9992	1765	4642
1567	9993	7004	2015
1891	9994	7084	6547
6608	9995	8297	6821
6866	9996	9501	3446
6222	9997	8226	1840
1667	9998	4391	8944
9571	9999	9986	7983
9762	10000	7391	7580
2948	10001	8143	1919
1660	10002	3368	4944
3332	10003	4688	3605
2512	10004	8427	2576
7117	10005	5630	6036
3335	10006	1118	7409
8736	10007	1581	7079
8533	10008	9452	3780
2964	10009	6654	2763
7851	10010	9084	7894
4287	10011	4250	6463
7175	10012	8153	8384
1232	10013	5226	7721
3833	10014	9890	2142
5462	10015	9751	7142
2859	10016	8046	8064
2411	10017	1311	1119
2646	10018	8634	3335
4800	10019	3680	1987
8476	10020	3984	4730
8850	10021	5773	5145
3022	10022	9224	8781
3537	10023	3690	4294
1906	10024	7372	3787
4015	10025	1517	8100
6729	10026	3183	9391
4541	10027	1632	2140
2652	10028	1857	3321
5989	10029	7634	7987
4769	10030	2208	4537
9237	10031	2143	3046
3651	10032	4712	5232
6044	10033	5076	4099
4142	10034	3729	9837
2863	10035	2829	9340
3514	10036	1375	1312
5595	10037	5100	8715
9090	10038	4495	4587
6421	10039	2910	1944
10040	10040	10040	10040
6805	10041	2932	8820
5445	10042	5943	3794
5965	10043	1723	2319
3239	10044	5136	5441
1642	10045	5121	8402
2601	10046	7710	8387
5458	10047	2460	6799
8172	10048	4753	5345
7969	10049	5441	9715
9980	10050	1875	9236
9722	10051	6815	6353
6720	10052	7334	4560
6745	10053	9703	9334
2514	10054	6484	2533
1080	10055	2526	9006
5835	10056	6508	8818
2268	10057	4562	9662
6447	10058	5896	4028
5273	10059	8600	3910
5541	10060	9805	7932
5450	10061	5747	6879
2535	10062	6180	8956
7162	10063	8304	3757
1683	10064	9201	9840
2350	10065	2761	6827
8457	10066	4646	1480
9180	10067	3486	2232
6955	10068	4908	6889
2051	10069	1400	9618
3946	10070	2481	9220
5540	10071	1321	8356
8945	10072	5178	1750
6126	10073	2431	8689
3417	10074	1809	3402
5561	10075	7606	7609
8230	10076	4239	9774
3630	10077	5213	3209
6001	10078	8637	2593
6049	10079	4546	3107
8743	10080	2107	1634
8645	10081	5171	8366
2485	10082	9057	7832
2621	10083	9910	5017
7845	10084	4235	1812
4966	10085	3796	6552
2013	10086	9590	1480
2220	10087	4826	9862
9892	10088	3740	7836
8257	10089	2381	6659
10090	10090	2929	6894
3571	10091	4578	2561
9957	10092	7269	7811
1968	10093	2899	7746
9318	10094	6746	8356
6430	10095	6703	8303
7718	10096	8769	3100
5250	10097	1533	3360
4546	10098	1465	2527
8265	10099	3150	5509
3849	10100	3153	5352
1340	10101	4685	4328
6568	10102	5039	4687
5108	10103	2623	6672
9237	10104	8372	1838
6305	10105	3652	4821
2564	10106	7351	4597
6236	10107	9067	5424
4767	10108	8656	5757
3183	10109	7821	7273
3589	10110	7449	1814
5157	10111	3504	7901
1081	10112	8611	7439
3647	10113	1887	2268
2275	10114	8028	4074
4559	10115	4809	10115
1568	10116	6539	3153
4116	10117	9374	5888
6058	10118	3891	9393
3107	10119	9554	1776
9737	10120	6092	5086
4160	10121	2566	4634
5823	10122	7082	7138
6821	10123	1609	6962
1538	10124	5551	7763
7442	10125	6463	6145
8471	10126	5579	8987
1492	10127	8795	9616
1411	10128	9457	1027
9666	10129	3980	6531
8695	10130	9128	1121
6534	10131	4104	4199
3185	10132	7262	2546
3268	10133	9828	9321
5608	10134	7233	8796
2315	10135	9933	4283
1726	10136	6049	3388
8560	10137	9441	6740
3976	10138	2913	3336
9176	10139	1852	5656
10140	10140	10140	8127
5885	10141	9409	6511
7433	10142	6387	2360
3994	10143	6366	9629
2595	10144	8258	2752
8039	10145	7412	9889
9602	10146	5069	6520
6520	10147	9858	4104
3504	10148	9347	3949
5380	10149	5226	9961
1242	10150	3808	7980
6065	10151	4836	6457
9891	10152	2352	7336
8760	10153	6643	1725
8271	10154	5668	9000
7783	10155	3880	6430
4736	10156	5817	9654
8454	10157	5956	7537
5417	10158	5714	8245
8406	10159	5678	2129
1323	10160	1857	8448
2652	10161	8701	2459
6780	10162	2071	8154
9407	10163	3671	3482
9765	10164	4603	1953
9784	10165	7007	7063
3387	10166	1648	7977
9554	10167	2499	2123
5361	10168	2133	9517
2448	10169	7248	3508
2450	10170	1364	9073
4704	10171	3090	4844
3449	10172	5510	2337
4805	10173	9895	7222
4973	10174	2619	1275
2017	10175	2741	6296
1542	10176	9172	9537
5217	10177	5604	3820
2009	10178	2651	6768
9937	10179	9368	7847
1597	10180	7296	5036
8938	10181	6408	2130
3854	10182	9613	9755
2090	10183	3557	1408
1338	10184	4040	2352
4277	10185	7803	7985
9748	10186	8935	5770
9937	10187	9887	4485
7451	10188	5290	1712
2195	10189	1905	6458
10190	10190	2047	10190
2056	10191	6520	7353
9157	10192	4408	8944
2782	10193	8321	3842
8704	10194	8380	6703
8981	10195	1180	1939
5926	10196	6847	8825
1733	10197	8565	4740
4170	10198	5404	7900
9047	10199	4817	1297
8953	10200	8717	9519
9659	10201	1006	7829
9157	10202	3319	5511
5689	10203	3350	3993
2965	10204	7047	5707
1199	10205	2227	6675
9331	10206	1699	6322
6953	10207	5528	9169
3509	10208	4022	8121
7262	10209	6443	5251
2420	10210	7371	5804
8105	10211	2622	3603
4739	10212	5529	7723
7091	10213	7445	5068
6467	10214	8182	8443
3267	10215	5952	6976
6628	10216	1679	4417
5477	10217	3340	9815
7559	10218	7833	5865
9926	10219	6685	9842
8100	10220	2319	7139
1650	10221	7406	1189
9681	10222	3820	2391
9781	10223	1756	1517
8772	10224	4972	6324
3755	10225	7895	4700
3588	10226	8352	4123
9620	10227	8537	4503
2460	10228	2772	1803
3447	10229	2770	7082
9648	10230	5030	7179
2826	10231	8377	7458
6796	10232	7720	3846
2803	10233	1001	1563
3727	10234	8148	7871
9432	10235	8749	9781
8584	10236	5001	7813
7134	10237	9628	4342
9407	10238	4467	1204
7342	10239	9596	1429
10240	10240	10240	6551
3213	10241	3993	1039
3008	10242	1542	2461
4645	10243	6560	9171
8027	10244	6323	5312
5863	10245	8215	3498
8924	10246	1413	4533
9465	10247	5693	9397
2088	10248	4221	7812
3280	10249	3184	9589
7279	10250	5472	4567
1478	10251	2777	8161
9237	10252	6148	6609
3753	10253	7311	3169
6617	10254	7733	9507
8357	10255	6298	2013
1825	10256	4127	1151
1006	10257	8968	2087
7868	10258	7013	4030
3478	10259	9899	2119
6837	10260	2769	4793
4533	10261	7580	7879
6849	10262	3543	8643
9898	10263	2467	5149
1438	10264	7462	3900
6275	10265	9891	10265
1333	10266	8133	8780
3294	10267	9509	1746
2498	10268	3949	6397
1015	10269	8356	1665
6707	10270	2759	7560
8919	10271	3000	4633
2969	10272	3468	8505
7331	10273	7617	4598
4253	10274	9500	2174
1193	10275	1529	5225
4411	10276	3062	6612
4693	10277	8170	9882
8810	10278	7213	4887
7341	10279	8273	1365
6230	10280	8434	7100
5010	10281	7917	9411
5526	10282	4078	4311
7242	10283	7677	4207
9509	10284	4168	7116
3823	10285	9152	4521
8294	10286	3554	9499
1053	10287	4480	5088
9507	10288	6339	4230
1364	10289	9437	7395
10290	10290	7504	7584
1089	10291	6030	1449
7542	10292	6456	6716
9012	10293	3368	2036
5772	10294	2599	6029
6374	10295	9234	2457
8036	10296	2531	1741
9700	10297	1538	3922
3793	10298	7145	9119
1292	10299	3648	9075
5437	10300	3337	5364
2201	10301	3265	2588
9151	10302	3868	8234
2408	10303	9747	1435
7484	10304	7299	5698
9648	10305	2829	8961
1545	10306	8526	8888
9221	10307	8827	3311
1971	10308	7316	9062
5936	10309	6469	5749
2959	10310	4676	2453
8071	10311	8100	9457
1322	10312	4415	9176
1715	10313	1919	1435
2878	10314	3704	6568
9994	10315	6444	6243
9528	10316	7894	5542
4208	10317	1159	5859
3909	10318	5472	8048
7810	10319	4852	6016
2907	10320	7337	5060
3628	10321	6765	3173
6173	10322	5309	6989
3854	10323	7282	9014
4885	10324	1773	9157
7073	10325	3127	4752
5586	10326	8073	4736
5236	10327	2193	7801
5047	10328	2207	8776
4977	10329	2501	2575
4857	10330	3573	1236
3750	10331	4483	3388
2218	10332	6230	4086
6806	10333	9730	9193
1272	10334	8894	5591
4555	10335	5526	8115
4594	10336	2454	3960
8149	10337	5074	4528
7215	10338	9328	4548
5538	10339	9164	6750
10340	10340	10340	10340
9367	10341	1706	5135
6094	10342	9321	3506
5020	10343	7867	2601
2175	10344	8669	3333
7212	10345	2761	4537
5449	10346	4338	7825
7472	10347	7818	2365
3713	10348	8298	8136
3403	10349	7537	2854
4998	10350	7969	6587
6511	10351	1894	4033
1195	10352	1912	4367
9920	10353	9778	4790
1360	10354	7168	7041
3785	10355	6405	3125
5793	10356	8823	8884
9807	10357	2377	9395
5537	10358	3092	2802
1488	10359	8017	6404
2366	10360	7694	4629
5127	10361	2457	4857
7212	10362	3078	1613
6068	10363	4027	7512
4881	10364	9364	3957
6389	10365	4050	9708
6766	10366	7167	8725
7603	10367	7475	5580
9296	10368	3788	6760
1475	10369	5438	9918
7217	10370	8077	1247
7339	10371	4532	6252
9281	10372	9732	6942
9447	10373	6027	3808
5490	10374	8453	9216
1910	10375	3932	9036
7468	10376	6331	4195
5105	10377	2436	1913
3345	10378	3629	1445
4092	10379	9718	6669
8436	10380	7669	2670
1817	10381	9641	2076
2050	10382	6382	2663
5259	10383	6661	4762
7360	10384	1891	9333
8565	10385	7604	6086
6091	10386	2253	8208
9687	10387	3652	2447
6695	10388	1731	1260
2176	10389	2600	2374
10390	10390	2413	1594
9261	10391	9193	1735
8576	10392	9080	3000
9500	10393	5462	4821
4788	10394	9248	4419
2097	10395	6929	6907
1157	10396	2345	2146
8639	10397	6118	3201
4273	10398	5468	2393
3945	10399	7498	6573
9574	10400	2348	5879
7346	10401	5405	1774
3347	10402	2246	1799
8344	10403	1407	8504
3545	10404	5946	9451
1080	10405	8944	7865
9646	10406	5965	1673
1947	10407	3786	9915
9568	10408	7571	3793
8942	10409	2307	1534
4966	10410	2033	6169
8204	10411	2196	6879
1721	10412	7425	7980
3753	10413	4407	4369
9432	10414	6770	9247
3613	10415	8634	10415
2425	10416	2794	6848
6282	10417	1475	8655
3116	10418	3047	4842
6157	10419	2113	8328
2371	10420	7857	6162
4018	10421	3450	9355
5248	10422	2372	9847
8244	10423	3265	2355
5527	10424	7232	6824
6419	10425	7155	5512
9027	10426	1148	5768
5475	10427	5960	9113
6885	10428	2429	9746
7749	10429	8772	5552
5465	10430	6763	7077
7191	10431	9660	8118
1640	10432	5941	3475
1632	10433	7906	5207
7236	10434	2318	3448
7108	10435	8501	6161
2658	10436	7031	5308
6951	10437	8544	3051
2014	10438	8494	9348
1748	10439	1432	2707
10440	10440	10440	1927
