708
5571
37407
60779
-45375
-63108
77473
-84457
96822
-54595
37563
-48827
-7596
50620
-35900
82098
-27879
27940
59714
4344
-68483
-51086
-57179
-15206
29221
82791
31124
12583
-45065
-74183
-71214
51685
-86791
-1782
9156
-78957
72348
-39695
26915
-55301
47184
40700
45265
29628
-62674
84594
97082
-85823
-13479
59549
40378
88627
-28104
-38965
97930
-2461
15768
-71139
-1668
23759
31292
-90612
81835
-75483
99819
-32452
32505
26479
38731
-7750
76753
35120
-91068
-70105
30058
-34853
-29207
63514
32107
47094
98960
69822
612
-63464
74384
-19969
-66635
16652
14816
-27545
66104
-79645
-69706
14393
82524
-72920
60133
-52703
-18176
-62230
-80386
-95803
-16525
32610
-25887
70102
91632
-86432
-24144
-20068
-38167
1335
32101
29625
65312
1643
65468
-25384
-4865
-51526
71084
-60991
90127
83913
-73389
-48602
37291
21324
86240
-54377
61
86884
-16582
6077
-84303
-24372
-26013
-49723
81458
23885
92395
-34980
-46821
-69942
-33340
-82184
-63261
42320
82913
7
50683
17198
-36339
3365
-44874
27025
5175
70757
-60257
-79497
-23073
60417
-87614
-55011
-22166
74969
253
29057
-92215
-74467
-69772
-55586
86151
46078
83476
3861
28000
-4479
-39380
90492
-51424
-1428
95557
-67380
-89234
13017
77749
-17476
32483
5425
-1462
-30269
-97462
89866
-84783
-57851
62493
28372
-76165
66621
-17804
-65729
97257
27712
-76881
-39464
26365
-90706
-93571
-52201
38310
41841
-9993
20123
-96567
-4269
91755
10887
91328
23918
-85706
42731
-74736
89022
-3806
-41586
9559
-48572
-30241
-36559
-14434
-21375
6700
26898
-11625
65575
36894
42364
-70140
-62461
-73582
-2866
-98988
-89827
29866
63399
-50219
-34638
-51423
19480
17356
35636
79441
42997
-53753
-1927
41196
22391
-34542
-5183
79719
-32902
-99151
48945
-70552
56915
-30848
69953
-2410
42281
-57378
46183
-4271
-95699
-93879
-53665
22036
51447
-97808
-84739
-65344
-31648
-58502
17212
-23566
-82443
-70187
-62629
97786
-48132
-22503
66886
1269
45033
49841
9195
343
91262
-66865
2436
74135
-74093
-46631
26669
35587
91233
16294
65491
93060
-59263
-93516
-99789
26750
8255
-47785
5542
-40414
-22918
-63852
-73054
87108
80389
-27956
2229
-9687
1783
-81028
63303
84507
61114
72941
10254
-27631
24763
-75490
-97160
37075
51775
-61422
-9337
-86469
-82696
58786
42276
-87033
66545
-22656
-73732
-35854
9312
-66121
54491
-33304
18734
32180
1092
86206
-85838
19161
92693
37096
30016
-29802
-20156
77635
-7276
3597
48724
50135
-46284
88438
7368
-16022
-78815
-28249
-49986
-9723
-17944
-33558
-79514
1811
20615
-2804
3105
-76477
85976
-98600
81874
-39787
-76814
-90203
6197
-44209
-59178
-93983
-89619
-77130
90780
88229
-23684
16331
72452
-11421
-82985
35339
-2628