6,110962 9,886174
5,878105 8,039631
5,849755 6,996619
8,125722 21,990763
5,244044 7,566991
6,881754 8,095304
5,210895 8,241812
5,475300 7,826237
5,627724 8,596441
10,058719 20,862271
5,292431 8,082150
4,511965 7,628963
5,174340 8,204353
6,566441 8,276173
7,485620 8,949049
5,436029 8,519231
9,140814 19,909481
10,004901 20,933841
10,154947 20,569691
8,092076 21,602267
7,904752 21,513078
5,964899 7,602089
6,639087 7,966293
4,381521 8,040065
8,860363 21,326906
6,374222 7,650974
4,151355 7,411021
8,495190 21,369741
8,134643 20,699692
5,159080 8,411369
5,175026 8,310995
6,420808 9,174542
9,032030 21,115256
5,155618 7,197805
9,303102 20,816194
10,086890 20,073733
8,665557 20,582926
6,073610 9,716953
8,674849 21,025697
9,720767 21,394303
4,849310 8,601357
4,130608 7,976896
6,862868 6,834403
9,177727 20,954061
4,098036 8,910693
8,059529 20,887005
8,844333 20,360243
6,582025 8,567391
4,429306 8,772824
6,188079 8,295394
8,423901 22,084276
5,640388 7,561330
4,826623 8,397453
6,914769 8,865632
6,737289 8,601712
9,211721 20,725894
6,399225 7,730852
7,634082 22,100181
8,312681 20,913549
6,411557 8,151031
6,016825 9,072671
4,935433 9,979872
9,935680 20,493091
8,898464 20,831252
8,042531 20,967061
7,248501 21,026533
6,454458 8,886758
9,987815 21,519495
6,408072 8,066768
8,321507 21,196066
9,452826 20,802680
5,509120 8,354481
8,621375 21,192580
9,273546 21,291715
8,147175 21,592827
8,742631 21,255793
8,036567 21,124866
4,426870 8,684408
6,193195 8,358386
8,281880 20,619138
4,577561 8,107314
10,297076 20,395909
5,867298 8,607339
6,393614 7,890090
5,531652 7,108097
8,877825 20,107109
8,463886 21,234531
9,371401 20,539081
6,479427 21,436478
6,052350 8,291903
3,951987 7,936419
9,854299 21,780735
5,539974 7,947508
8,459538 20,253502
7,456428 20,368646
6,714643 8,430003
6,164604 8,956242
9,243343 20,960889
10,510300 19,737361
6,065345 8,278724
6,405086 8,352885
9,333996 21,253758
9,155783 20,488240
9,019914 21,475866
9,791252 20,271113
8,122610 21,750853
10,491347 20,913836
7,663501 8,958079
5,858200 8,771304
9,879692 21,106840
6,424026 8,717850
8,511053 20,227363
5,572390 8,162032
6,425170 8,289614
6,739743 19,315986
9,435704 20,291605
7,725233 21,029131
5,134679 9,548623
9,234114 21,214390
7,201778 7,655279
9,181059 22,049685
8,043960 21,334745
6,675330 8,529152
7,879856 21,111142
9,745865 19,314872
7,055663 8,843791
5,619075 8,810990
5,727850 8,674100
10,340694 20,568862
8,280448 20,928263
7,674695 7,164132
7,326256 9,718932
5,537984 7,034366
9,629879 21,583703
6,421894 7,059345
7,664937 21,215330
5,168685 9,071720
8,776972 21,525858
5,187648 8,409042
8,504564 21,808429
6,517174 7,241150
6,059593 8,863986
5,665500 7,906627
5,624731 8,562741
7,068339 7,929346
8,355323 22,251473
8,121016 19,503781
9,571893 20,880183
9,194598 20,506470
8,635793 21,227671
7,229705 20,816539
10,311397 21,160405
6,544574 8,622402
5,516017 8,340474
10,027768 20,131651
8,622099 20,293865
6,039288 8,474023
10,258242 19,883647
7,529396 21,135317
8,757991 20,513841
8,956917 20,805686
7,630506 18,954125
9,793489 21,794392
5,433988 10,269664
6,586317 9,293923
5,703231 8,351413
5,292885 8,064440
8,114707 21,804269
9,158521 21,574969
8,146023 7,938346
6,292718 8,373607
8,900336 22,038691
6,374114 8,305325
9,151910 20,364851
6,747049 8,485271
6,563046 7,430517
5,436550 7,993916
7,412900 22,326237
7,094060 8,081220
9,509171 20,700052
6,341463 7,847784
9,771207 21,025329
8,537943 20,993508
6,666245 9,071594
5,129189 8,563039
8,200645 20,861094
8,573073 20,760598
4,779881 8,925026
5,917248 9,224254
6,429935 21,000743
5,705276 7,261673
7,851200 19,996400
7,540871 20,444082
8,714020 21,363329
8,856109 21,856578
9,487823 22,485349
7,891405 20,731430
5,665079 8,087062
6,235303 7,497319
8,933856 21,500918
5,691100 8,254327
8,999083 21,245886
6,083245 9,530566
6,498445 8,562822
8,058130 20,728505
9,202790 19,547155
6,329022 21,187598
6,827129 7,988557
8,750005 20,686054
7,479173 7,886747
8,446742 20,298383
7,807260 21,564752
6,392584 7,026793
7,024463 20,838928
6,178914 8,855533
8,160879 20,868696
8,619319 8,241230
7,398724 21,614788
9,136757 21,766549
7,832455 21,091268
8,258956 21,273439
7,030456 8,602837
9,355913 20,244168
6,772508 7,355130
4,882440 7,960491
9,024585 22,000350
9,475234 20,859122
6,373045 7,819888
9,260871 20,754463
9,799215 19,931566
6,309223 9,089347
6,186814 7,825714
6,368144 8,578886
8,924970 20,883255
8,855046 20,382367
6,087807 7,650048
6,569925 8,988994
4,888976 9,390160
10,232238 20,265274
8,920496 20,443492
8,424482 20,280107
6,370781 21,057838
6,206288 8,612936
9,368994 21,835193
6,717993 7,991170
7,975515 21,299863
9,324685 20,126026
6,100804 8,271654
8,943174 20,806881
9,734528 20,959066
7,734431 21,510462
8,210742 21,031155
7,906832 20,671417
4,502201 9,118788
5,871110 8,183449
8,372123 19,826176
4,773878 8,026980
9,853103 20,329552
5,455396 9,119683
6,251593 8,282710
5,298257 7,196697
9,117983 19,771057
9,873347 21,353009
3,993499 9,342494
4,226359 7,767832
6,619535 6,716791
8,969729 21,092988
4,312851 9,237209
8,148685 21,573739
8,642107 20,345868
5,967212 7,995479
4,308822 8,045773
6,921273 7,619239
8,764817 22,550121
5,499074 7,739910
5,449552 8,557658
6,950206 9,346773
6,143836 9,184997
8,725587 20,897454
6,441951 7,914761
8,048919 22,888795
8,661255 21,050145
5,969393 7,905606
6,335678 8,817619
5,485037 9,076153
9,687982 20,578840
9,181765 20,850672
7,923805 21,081863
7,063013 20,576760
5,845811 8,491071
9,311318 21,275640
6,553984 7,861786
8,192849 21,898669
9,843956 20,341083
5,646727 8,106153
8,296937 21,366175
9,243675 20,702126
8,063228 21,555088
8,787787 20,984524
7,949017 20,755278
4,829514 9,263621
6,067466 8,776567
8,262197 20,095277
5,115395 7,850630
9,996361 20,893692
6,136545 8,317580
6,383283 8,176234
5,277702 7,441411
9,597471 19,621399
8,153821 20,799531
9,446056 20,853664
6,738644 21,363770
5,383049 8,370560
4,359601 8,022028
10,474483 21,595044
5,898481 7,585841
8,194880 20,202771
7,925350 19,895047
6,601302 8,099412
5,855927 8,878409
9,457499 20,405277
10,610105 19,798037
6,482833 7,904128
7,139689 7,934720
9,310394 21,404236
9,093149 21,047391
9,056644 21,753521
9,002558 20,875181
8,620473 21,444601
10,381333 21,596219
7,473741 8,866447
5,087132 8,872229
9,101809 20,151843
6,291224 8,725607
8,371717 20,789252
5,726735 8,869956
6,338297 8,245544
6,590590 19,893020
8,674704 20,068426
7,558319 20,693736
5,391971 9,727983
9,210839 21,304701
7,445804 8,226301
8,633437 21,964418
7,985044 21,405292
7,218346 9,148005
8,382677 21,081404
10,071856 19,168419
6,869117 8,833890
5,007018 8,358620
6,440079 8,816955
10,205932 20,448542
8,260814 21,333602
8,061079 6,303111
7,126443 9,711895
5,503733 7,009745
9,790394 21,501945
5,973581 7,154898
7,903696 21,876794
5,573864 8,380770
8,842267 21,421540
5,970750 8,258948
8,728837 21,730676
6,459615 6,685195
5,651381 9,216565
4,982695 8,129031
5,527388 8,310504
6,820730 8,126593
7,876224 23,026911
8,514465 19,811729
9,638006 20,597282
9,033910 20,860179
9,079165 21,243579
7,669118 20,506318
10,125716 21,867061
6,128127 7,982745
5,072455 7,437986
9,673272 20,541419
8,232639 20,416264
6,228141 8,055751
10,258685 19,591374
7,322322 21,369556
8,851198 21,028523
9,022203 20,673585
7,728412 19,800341
10,479577 21,775358
5,874910 9,505618
6,686315 9,121106
5,077196 8,560037
5,020064 8,247060
7,589702 21,460355
9,505727 21,683493
8,304911 7,767831
5,802687 8,594105
9,075371 21,839359
6,739664 8,841893
8,656162 20,166101
6,734013 8,999637
5,997541 7,961005
6,030554 7,516041
7,562313 21,849136
6,692478 8,318040
9,511243 20,299635
6,013947 8,028136
9,733720 20,589432
8,648653 21,215730
6,598157 8,556664
5,690918 7,924987
8,236492 21,156840
8,327428 20,512134
4,523189 9,332291
5,959554 8,802953
6,741765 20,320792
5,336453 7,315892
7,379850 19,772765
8,319005 20,191999
9,046228 20,919424
8,167212 22,152501
9,950550 22,329483
7,469115 20,401311
5,423308 8,440493
5,902345 8,010412
9,606033 20,954460
5,497732 7,756838
8,798575 21,481806
5,834377 9,920125
5,958200 8,519538
8,118384 20,839116
9,268968 19,389454
6,586321 21,642538
6,628250 7,476752
9,242849 21,161734
7,447290 7,757200
8,027454 20,311033
7,785731 21,786880
6,332166 7,195268
6,530467 21,530780
5,937087 8,688284
8,178465 21,081635
8,184473 7,867565
7,791730 21,872616
9,111250 21,973022
8,153214 21,399504
8,905491 21,076269
6,951282 8,491740
9,082092 21,022902
6,687444 8,046056
4,319220 7,554677
9,443024 22,200022
9,392571 20,746398
6,343603 8,155211
10,018785 21,050824
9,636155 20,161771
6,136515 8,537070
6,517114 8,321629
5,658084 8,136391
9,049780 20,842109
9,676124 20,614743
6,440639 7,822093
6,108741 9,070170
5,017784 9,831559
9,955675 20,761679
9,009108 20,547215
8,643370 21,013197
6,518158 21,370761
6,409986 8,424643
9,701444 21,335693
7,283789 8,183527
8,860622 21,115352
9,606622 20,564502
5,298938 8,034290
8,626255 20,827301
9,352082 21,350894
8,213621 21,616836
8,786763 20,542252
7,936387 21,168779
5,094948 8,535439
5,389278 8,235179
8,703354 20,539872
4,597862 8,005913
10,258408 20,098358
5,876585 8,500791
6,644811 7,973216
5,315678 7,248295
9,159320 19,732815
8,849663 20,534896
9,351771 21,079375
6,058837 22,116231
5,970222 7,988256
4,306865 7,157659
10,423306 21,213433
5,858856 7,554467
8,166407 19,973529
7,101008 20,113006
7,297839 7,993906
5,692528 8,416146
8,979130 21,076591
10,468448 19,078939
6,100044 7,577219
6,955484 8,609863
8,803469 21,620687
9,434641 21,276347
9,236939 21,361057
9,639605 20,010987
8,207846 21,483651
10,300009 21,039196
7,684149 9,023724
5,263974 8,420229
9,823735 20,229036
6,225612 8,922381
8,703812 20,741960
5,661430 8,286451
6,094741 7,775383
6,893000 19,774582
9,338135 20,420443
7,976183 20,808081
5,989110 9,471381
9,680096 21,833740
7,217466 8,139833
9,125776 22,101489
7,631173 20,950324
6,828509 8,409991
8,610003 21,297430
9,852779 19,791081
7,043584 8,451621
5,045605 8,570708
6,396404 8,318066
10,462965 20,630875
8,200611 21,138893
7,859626 6,352182
6,933929 9,258613
5,686914 6,769907
9,684863 20,857848
6,420041 7,872716
7,537019 21,262309
5,687297 8,631694
8,897601 21,333137
5,954034 8,324710
8,917765 20,977332
7,021925 6,383127
6,101700 9,252307
5,943968 8,398473
5,727788 8,446040
6,871124 8,546347
8,779913 22,407554
7,806870 19,326422
9,618643 20,114318
9,210489 21,210498
8,656484 20,675980
7,976938 21,151347
10,641366 21,159764
6,476942 7,832617
5,143279 7,556803
9,672166 19,998828
8,595972 19,823379
5,974746 8,475577
10,206658 19,912796
7,082273 20,797255
8,237147 20,687328
9,021773 20,896020
7,993718 19,236698
10,554751 21,976197
5,377231 10,153994
6,167754 8,869164
5,186679 8,640751
5,405226 8,387116
8,115253 21,878309
9,217109 22,502555
8,399493 7,156195
5,865611 7,775416
8,870480 21,598028
6,438927 7,899345
8,480336 20,188105
7,061175 8,241131
6,642594 7,519594
5,207432 7,577886
7,379661 22,491533
6,808765 8,057624
9,421114 20,719516
5,962345 8,240747
9,598781 20,902601
8,380920 20,714524
6,313071 8,996100
5,098966 8,431257
8,479410 21,376337
8,540302 20,132481
4,502072 9,624325
6,462965 8,742327
6,750581 20,534936
5,540695 7,194682
7,469213 19,497567
8,112586 20,075854
8,876087 21,002196
8,283599 21,626140
10,257250 22,494942
8,109462 20,237161
5,390482 8,595101
6,376038 7,556205
8,753656 20,674562
5,812787 7,695312
8,476530 21,299978
5,597940 9,637760
5,892553 8,762732
7,836151 20,680521
8,539892 19,614975
6,499526 21,679418
6,822448 7,661730
9,570474 21,367953
7,118417 8,120412
8,374792 20,787872
8,592195 22,366478
5,988489 7,532982
6,040655 20,918014
5,935808 8,555144
8,162854 20,813578
7,652757 8,580429
7,420572 21,619581
9,563647 22,397305
8,350179 20,664670
8,573285 20,650014
7,254060 8,365057
9,299116 20,375498
6,534981 8,136847
4,543588 7,988002
8,721516 22,044605
9,962594 21,441035
6,278090 8,045582
9,763921 20,119550
10,105624 20,117381
8,257160 8,111043
6,188482 7,749951
8,662946 21,906234
6,281562 8,199502
8,842230 20,840665
6,728714 8,526002
6,482885 7,692738
5,457071 7,928766
7,749298 21,636098
7,174585 8,599119
9,751807 20,445712
6,103238 8,120685
8,986361 20,849160
8,009679 20,627779
6,146253 8,367849
5,211100 8,464005
