18,147215 28,999554
18,001871 27,385386
20,794086 16,347666
17,160908 28,273134
17,736767 28,155107
29,438589 14,917966
19,013602 27,574055
17,096727 27,846043
17,825488 27,910715
26,863535 16,482798
16,267440 27,186291
17,677874 28,904350
17,585897 28,297035
17,729372 28,748034
16,500620 27,338481
18,354350 29,292839
17,765488 27,809711
28,610384 15,151734
18,274325 28,291505
18,365477 28,900063
18,927186 29,656320
28,345098 15,868579
27,840231 15,717795
28,400942 13,370184
18,035800 29,145263
18,726221 27,526320
18,518209 26,842996
18,164100 27,862788
17,727590 27,149154
26,156174 15,745450
18,153003 27,755186
19,284036 27,583057
21,117511 17,880993
20,843565 18,873269
19,479421 18,150407
17,419403 27,644424
18,223914 28,560385
27,719829 15,764213
20,498137 17,622319
18,310244 29,610711
27,541795 15,972908
27,513359 14,627607
19,696532 17,464632
19,600932 28,086526
17,231632 27,846879
18,080403 26,002681
20,150970 16,877663
18,443084 29,484260
28,528997 15,554609
16,808242 28,083431
17,359664 27,937192
18,198586 25,613181
17,067215 27,966359
17,190876 26,317535
18,679677 28,038092
17,297163 28,666232
17,188020 28,160313
17,691564 28,295575
17,823263 29,430363
18,067848 28,489051
18,032362 27,257610
18,400001 28,654566
20,834469 17,190644
17,733621 28,146000
18,415706 27,726291
17,888084 28,050254
17,778352 29,204109
18,414405 29,634425
17,948827 28,110782
18,149687 28,159649
19,028576 27,146462
17,725453 26,144077
17,821665 27,955383
17,402872 27,563356
18,779499 28,080117
17,408869 26,888110
18,943735 27,898702
16,483420 26,262408
17,808347 28,840532
18,549160 28,634872
19,638233 28,640429
17,370996 27,596030
18,314103 27,387276
17,484150 27,839903
17,592432 26,551595
17,347902 28,315865
17,870478 27,752741
18,163168 29,137042
18,201102 27,786673
18,010031 26,680935
19,820402 17,366600
17,268580 27,813796
19,628611 28,817137
19,201610 28,901123
17,727683 27,536542
17,825243 28,881352
17,608513 30,018902
18,531730 28,689639
20,951556 17,360120
28,484364 16,303623
20,765553 19,230041
18,408793 29,176221
18,645344 28,321704
18,135907 29,327051
17,695742 27,870232
16,318940 27,603059
20,195868 15,815338
28,662419 16,124612
17,976560 29,115210
17,968368 29,236441
17,451828 27,314749
18,134837 28,337986
18,532132 28,414885
18,189420 28,058859
16,946538 28,060644
17,560458 28,193122
17,572190 27,497530
17,455813 28,842294
17,325022 27,662330
20,311946 16,647945
28,232767 14,909308
17,369107 26,984487
17,965319 30,196289
18,229689 27,869990
17,286602 27,705975
27,170808 15,771754
17,108623 26,462361
20,980107 17,135601
19,962738 14,788443
18,311343 27,979278
17,482899 27,724706
20,679904 16,817961
19,720331 17,736647
17,506482 29,902793
17,329334 28,362414
17,610021 28,281842
19,274255 17,102392
28,247331 14,444509
17,719209 27,983406
18,129777 28,122654
28,152420 14,772991
27,840893 15,018659
18,432151 29,598183
18,730305 27,621453
20,785495 16,898274
27,460548 14,828535
21,158688 16,478009
17,361556 27,468311
20,243007 17,110483
18,387333 28,180996
17,839341 28,531628
18,729656 27,391599
17,528879 28,648756
18,390800 27,339150
18,183748 28,097187
19,026905 28,562754
18,181358 27,591214
18,205709 29,034919
17,720946 27,675281
27,440474 16,101074
17,931587 28,379753
26,423058 16,860569
20,741752 17,553571
17,541610 28,159031
20,586947 17,693312
18,299800 27,744825
27,168980 15,680545
17,356102 28,579320
16,897480 28,586420
18,565220 28,724908
19,485102 28,023937
17,102138 29,356883
18,509084 28,819658
18,568414 27,479643
20,606401 17,920983
28,065370 15,480109
28,640142 14,745928
18,016979 27,706883
16,711383 27,970681
21,401090 18,198400
18,308060 28,332289
19,172968 27,526723
17,647643 28,292649
19,390582 17,251783
21,640386 18,016000
19,830166 17,366494
20,702837 17,298889
18,348054 27,811919
18,132352 28,677296
18,996719 28,339742
18,373263 29,204143
20,997059 16,141275
18,785575 27,437886
25,923220 15,477719
17,479301 27,321758
19,401500 29,497273
17,158845 28,721785
19,100577 30,338886
20,143778 17,586606
17,776383 29,387921
18,197063 27,483905
18,905726 27,902397
19,155310 29,649685
17,819484 28,058048
28,244701 13,682150
17,953647 28,293053
20,043644 15,792485
18,244930 27,203773
17,005318 27,429402
17,899218 29,154690
18,084632 29,521616
18,131614 28,071228
17,404260 27,593622
27,567672 15,645424
20,327588 17,714679
19,335827 16,287158
18,681693 28,781415
16,954174 26,867308
21,186837 17,658548
17,988295 27,393110
28,104835 15,680319
19,778538 17,598521
20,691726 17,241963
17,657183 27,740629
16,892734 26,701748
17,351753 28,149161
28,439745 15,577182
20,400290 16,979465
17,290611 28,798126
28,328730 14,682616
17,790897 29,428274
17,403694 28,243496
17,706945 28,114545
17,336182 27,753287
17,084937 29,018094
17,074063 28,012868
21,204030 16,715839
28,102444 14,731577
18,213655 28,907581
17,041646 29,167355
17,236773 27,245318
18,447556 27,592666
26,690453 14,527319
19,132857 28,261572
17,892923 28,816005
18,258265 29,046992
18,556999 28,959624
16,733439 28,271100
17,837096 29,620964
17,685162 27,996517
17,020004 28,541279
17,286948 28,931196
17,551599 28,312739
19,955982 15,767889
17,628155 27,251473
19,587553 17,141524
17,611118 27,761782
16,672701 28,169261
20,767873 15,821163
18,036904 28,994352
18,225947 28,960575
21,435320 18,028013
17,651312 28,121140
17,221816 27,288378
18,809978 27,797034
18,462475 28,487288
18,489426 29,113344
17,831947 27,940188
27,651334 14,546126
29,060399 14,303977
16,684643 28,871010
17,693167 27,125798
18,017428 26,817280
27,735616 16,291215
28,817214 15,260155
17,827110 30,038247
19,354911 27,788064
17,797190 28,903892
17,247216 28,707472
18,861775 27,264836
17,302269 28,238849
18,111589 27,510847
18,473254 28,204784
21,062168 17,306199
27,691635 15,345645
20,195777 17,689250
18,069082 28,511515
17,962838 27,537893
18,026521 27,038672
19,327241 28,503528
17,900113 27,664998
17,808363 27,784841
17,730807 28,517680
17,791670 27,374706
17,941614 27,998539
18,849509 27,966750
17,221080 28,379613
17,740002 28,095457
18,182476 28,923249
17,465006 29,015964
19,334186 18,161612
19,063341 28,404703
28,023321 14,644987
20,400000 18,301999
20,633468 16,954337
17,902112 28,647071
17,833982 27,435469
16,985374 26,691574
20,993292 17,872192
19,350873 27,958066
20,852801 17,434996
19,407104 28,145926
27,270759 15,849260
17,397368 27,119349
18,274477 27,770359
17,743897 27,459471
17,503452 28,031019
18,131479 26,882029
17,363829 27,535162
18,621066 27,888039
17,844765 28,163375
20,619224 16,608752
21,401074 15,987179
16,164349 26,824724
18,906337 28,996299
16,889979 27,343955
29,193200 14,287462
17,022121 27,316867
17,977352 27,633511
16,688650 27,946032
18,267538 27,312196
20,013408 17,047219
19,904872 16,739163
18,803647 29,947832
18,398893 27,565526
28,556879 15,847650
18,192334 27,792440
18,721897 29,089957
28,327781 16,331750
21,656019 18,259637
18,263422 28,373930
18,993978 18,696863
20,179328 17,088557
17,420589 29,176694
17,219308 27,362771
18,257072 28,335022
17,403615 28,693375
18,306344 27,632065
17,633522 27,126695
19,978881 18,199194
17,511148 27,835269
17,776490 27,805559
18,166445 29,200498
17,789679 30,049439
20,254982 17,374541
20,285427 17,042191
20,063995 18,345620
17,405773 27,680004
27,636504 15,084593
18,309728 28,986385
27,454088 15,461569
18,030847 27,809165
20,609380 17,238678
20,867649 18,780866
28,226664 16,895798
17,491339 28,274188
19,326585 27,421342
17,458505 27,672612
18,789317 28,613566
17,396669 26,084950
19,754986 16,813368
17,185414 28,231769
20,366858 17,342857
17,925324 28,496913
17,754900 27,930575
18,572902 26,493477
17,421884 28,060934
17,108550 27,455784
27,895659 15,296116
20,384200 18,319610
16,602669 27,553092
17,170152 26,794141
19,981965 18,133138
28,414057 16,720501
17,682040 29,893830
18,314473 27,407385
27,057470 15,943794
28,954063 15,072534
18,900043 27,363526
17,962191 27,769599
17,775952 27,529576
18,419734 29,043345
17,381137 28,367654
18,479768 29,450226
18,020774 26,215652
18,074182 28,472867
18,004822 27,419153
19,728996 28,594829
18,013179 27,214480
17,945067 28,821494
18,317162 27,625932
19,459590 16,592474
28,164744 15,416623
17,922017 28,222055
17,488575 28,817870
18,368445 29,626427
16,199410 27,655305
17,110159 28,620988
17,552748 30,042223
27,290304 15,392700
17,995705 28,829143
18,063818 28,697700
17,064905 28,916319
20,943913 17,503451
18,508559 28,890371
19,925063 17,992966
18,425066 27,962995
18,174855 29,389800
17,233388 27,872393
17,881466 29,393243
18,203775 27,908180
18,241558 28,279152
18,237470 28,214223
18,691586 28,637415
17,861979 28,176727
17,925974 28,088887
17,239852 29,680811
20,003520 17,152617
18,983900 16,616292
18,608531 29,122900
18,235822 28,450491
28,509050 15,614851
17,627330 28,067181
17,781903 28,604556
16,970736 27,900656
18,792740 29,649380
17,181529 28,253887
18,330791 27,784978
16,632754 27,991780
20,054012 17,466064
20,827486 16,831435
17,389435 28,574127
17,341997 28,725575
27,543317 15,859297
17,603676 28,535846
20,680085 17,961637
17,352835 28,402952
17,653823 27,729508
18,924269 28,734793
21,329219 18,153308
17,040207 28,192021
17,023888 27,699564
17,659419 27,902764
17,264005 27,801039
16,915911 29,021323
17,661080 28,184607
18,841476 28,115819
19,927663 18,547215
20,733675 17,191143
26,847384 15,480351
17,917893 29,218865
16,998489 28,872217
27,985265 16,887876
17,999174 28,570925
18,177924 28,849738
17,711833 27,984056
18,428130 27,265243
28,119085 16,094572
16,749884 28,533606
18,611122 28,360802
19,679830 28,393737
19,127672 28,089892
26,929430 16,191573
16,755259 26,698684
20,885077 16,842988
17,510033 25,846733
17,544349 27,043440
17,546253 26,926717
17,921210 28,774413
27,139914 15,297117
29,561111 14,933871
18,113593 28,386325
17,102903 27,890434
17,436108 28,287758
17,643138 28,352169
17,928245 27,109882
16,562910 26,967913
26,919539 16,836320
18,189569 30,057782
17,986841 28,073912
16,687427 28,668165
17,736198 28,969671
17,452305 29,031270
19,721329 28,240376
20,602104 16,359144
19,216117 17,452477
17,884183 28,485279
27,552072 16,356806
20,325989 17,576421
20,430499 19,397152
17,975593 28,693897
27,210831 16,431166
17,074476 27,186337
19,324600 26,589986
18,144109 29,921881
17,684053 28,841814
20,483150 17,843724
17,741525 28,390247
17,677137 28,946009
19,159934 29,563019
19,126280 28,720165
18,205907 27,418433
18,111209 28,995860
17,878023 27,409794
27,367373 15,034412
17,843845 27,944213
17,532968 28,195359
27,662189 15,516733
19,455192 17,501659
17,498527 30,373381
17,616536 27,119978
16,475573 28,655588
18,258651 27,905835
20,190350 18,480781
19,345129 16,974044
18,325429 27,640641
17,239597 26,499610
18,823118 28,211041
17,181535 28,019602
19,178708 27,124065
18,244527 29,666678
17,079164 29,074960
17,951488 27,250121
17,631879 26,912356
17,417637 28,409630
19,350397 16,782442
18,137078 28,655920
17,439656 28,725609
17,825912 26,936488
18,903768 27,160576
17,675742 28,069592
17,424658 28,066434
17,692449 28,068386
17,924638 27,166351
18,305149 28,503199
18,804742 27,612592
19,659665 16,819552
18,016179 29,024870
18,200848 28,838657
17,073180 27,694560
17,843170 29,017344
18,451288 27,622297
20,077849 18,530299
20,467342 16,406291
20,525588 17,696838
28,539999 16,098310
17,533035 28,339847
19,339013 28,015811
17,691071 29,099332
18,294623 28,345281
27,578218 14,188367
27,852995 15,904861
17,509793 28,519516
21,613563 17,248176
18,048695 28,073198
18,368152 28,490658
17,806642 30,677142
17,389192 28,041045
19,212608 16,775615
18,851928 28,599882
19,593518 17,653429
18,118790 29,417962
18,043019 27,117502
26,979249 15,754299
17,054952 27,450594
17,999503 29,046746
18,739414 16,645833
17,935783 27,694796
17,386835 29,491780
16,558566 27,039534
18,132032 29,181345
17,842797 27,327212
26,377856 15,227560
17,440145 29,375191
19,149804 27,206634
18,285227 28,926999
18,959425 29,604367
19,420598 27,731204
17,929347 27,917630
17,951079 28,088576
16,683440 27,431161
16,969867 28,453151
28,208469 15,947804
19,311461 17,898484
19,848441 16,797932
17,342443 26,548555
19,076808 28,551972
17,802013 28,223812
17,935560 28,043166
18,527058 28,786916
17,093569 27,211626
19,830743 17,445076
17,394243 27,646763
17,808289 27,775803
17,583655 28,427286
20,978280 17,951384
27,721022 16,741186
17,085624 29,475681
16,492418 26,263375
17,184090 27,668317
18,045327 28,559749
17,560114 27,863127
19,965570 16,131433
17,988891 27,811959
18,009544 27,806249
28,698515 15,401439
18,459378 27,471028
17,202601 27,333028
17,908990 28,381540
26,487845 16,339959
16,072396 26,956270
17,710331 28,228891
16,927548 28,121634
17,497965 28,945725
16,051553 27,085305
18,127311 28,876082
17,658355 27,750391
29,002818 15,540466
17,785165 27,758390
18,620296 29,099197
19,048884 29,823127
28,270100 15,709986
27,802422 15,679639
28,314684 13,665325
17,863666 29,216338
19,150911 27,337338
18,536971 26,564656
18,591196 27,814242
17,329009 27,176997
25,909264 15,552403
17,829851 28,263783
18,958184 27,958575
21,378500 17,921766
20,296649 19,437386
19,551702 18,006985
17,283928 27,983303
18,101090 28,204926
27,819817 15,644898
20,090392 17,941452
18,431933 29,327786
27,307488 16,150486
28,002332 14,756903
20,609153 17,388733
19,094920 27,905357
17,635292 27,650861
17,761581 26,434849
20,182538 16,987902
18,613594 30,369180
27,983314 15,309051
17,210527 28,214111
17,288244 27,092199
18,250122 25,780398
17,247240 28,269657
16,819074 26,844848
19,117165 27,136792
17,927388 29,007520
17,979888 28,009256
17,531164 28,825846
18,090622 29,083722
18,032156 28,362234
18,148335 27,613654
19,004033 28,969784
19,977610 17,035923
17,557468 28,403147
18,276113 28,143158
17,278524 27,484515
17,484562 29,182518
19,000058 29,024522
17,883403 28,548087
18,034141 28,298518
18,751197 26,901628
18,443672 26,022895
17,831818 27,625100
17,195144 27,560489
18,992693 28,396966
17,458412 26,384211
18,552300 27,386209
16,284782 25,816562
17,708656 28,554262
18,902860 28,758754
18,834660 28,081930
17,233110 27,850102
18,418312 26,893159
17,749592 27,565082
16,729879 26,325900
17,206976 28,832282
17,902517 27,584595
17,767171 28,569998
17,444929 28,222174
17,808085 27,464134
19,245238 17,911200
17,578928 27,978558
19,092737 28,675020
19,564555 28,474162
17,569346 27,366168
17,619781 28,755229
18,249815 29,592263
18,427445 28,825101
20,361012 18,092884
28,469923 16,022361
19,910352 19,101528
19,004463 29,562322
18,141777 27,640109
17,470645 28,814509
17,730531 28,432715
17,026380 27,421391
19,810189 15,997156
28,844747 15,683815
17,862954 28,675271
17,543348 28,695573
17,632554 27,272523
17,969901 28,566330
18,407215 28,690639
18,221466 28,105340
16,853837 28,198040
17,274457 27,864825
17,422125 28,087245
17,231318 28,031263
16,759482 27,259129
20,939775 16,436485
28,158923 14,832494
17,898058 27,027198
17,947403 29,601486
18,011805 28,276115
17,476163 28,360194
27,825921 15,856123
17,699142 26,671118
20,943467 17,328552
19,976770 14,965185
17,647756 28,840050
17,828512 27,376593
20,713845 16,521042
20,433281 17,244025
17,500690 30,256965
17,233440 29,139081
17,408800 28,346370
19,412291 16,731346
29,021461 13,879268
17,130485 28,210737
18,187281 28,582196
28,599727 14,874127
28,255891 15,497576
17,976346 29,327610
19,281712 27,513304
20,777919 16,947707
26,752565 15,668785
20,455111 16,187758
17,844266 27,430361
20,383265 17,486728
17,479512 27,707262
17,754974 28,329843
18,623110 26,961317
17,192836 28,912295
18,610927 27,707480
18,586396 28,185810
18,835928 28,131636
18,950351 27,777079
18,376510 29,599249
18,154717 27,756132
28,164339 15,906325
17,732513 28,265330
26,357433 16,838493
20,217706 16,977779
17,634461 27,860106
20,577692 17,674561
17,819174 28,227866
27,669811 15,301941
18,227074 28,012559
16,650496 28,749725
18,406267 28,039187
18,821204 27,490095
17,782567 29,206622
18,863014 28,795292
18,553840 27,839228
21,293713 17,465575
28,478481 16,211816
29,372680 15,118311
18,468627 27,461977
16,489206 27,995083
21,124359 18,818212
17,939666 28,106280
19,303778 28,223949
17,940498 28,083570
19,744892 17,930607
21,847069 18,725627
19,652135 17,485492
20,502542 17,006156
18,755321 28,130155
18,285509 28,507572
18,787066 28,476874
18,071510 28,755040
21,277965 16,465842
18,347520 27,780357
26,420119 15,753907
17,672438 27,538091
19,264631 29,820845
17,792054 28,825644
18,549641 30,156393
19,915788 17,040145
18,325736 28,727662
17,903007 27,123801
18,474128 27,536696
19,927448 29,741856
17,288419 28,058915
28,474128 14,208890
17,722719 27,930801
19,882887 15,556829
17,895809 27,934607
17,069653 27,860575
17,824869 28,486350
18,536041 29,687722
18,630055 28,298315
17,370150 27,705695
27,945067 15,267473
20,758074 17,690493
19,299984 16,791769
18,447095 28,020149
17,771811 26,715932
20,632600 17,895002
17,991504 27,304451
28,414806 15,656496
20,423722 17,061161
21,332511 17,431661
17,142059 28,075260
16,384024 26,594127
17,682779 27,295441
28,993356 15,708321
20,874604 17,237856
17,336345 28,344090
28,378773 14,403792
17,961500 29,120595
17,870456 27,663976
17,322706 28,273251
17,024714 27,667058
17,559413 28,946988
17,274074 27,908494
20,994701 16,567111
28,514072 13,799590
17,501842 28,684578
17,854702 29,667437
17,286997 27,278353
17,837220 27,220712
26,967331 14,598482
18,850780 28,252197
17,962637 28,610957
18,298934 29,089383
18,839661 29,176695
16,383538 27,983861
17,818460 29,613292
17,748096 27,809053
16,927261 28,578727
17,931275 28,570246
17,074154 28,233100
19,150079 16,220745
17,679398 26,896165
19,638760 17,360349
17,637884 28,019595
17,242931 28,948383
20,780864 16,298830
17,928365 29,420541
18,697635 29,149884
20,734575 17,579398
17,775115 27,389349
17,051000 26,851175
19,517362 27,925723
18,163303 28,174367
18,040303 29,331895
17,852810 27,823284
28,253970 13,745340
28,589204 15,025450
17,018852 28,747505
18,138940 27,050123
18,530807 27,478627
28,239070 15,932677
28,401909 14,884199
17,882704 29,715600
19,362277 28,078592
17,793717 28,830483
16,855478 29,535813
18,863207 26,710679
17,472565 27,882625
17,564272 27,749945
18,190484 27,966495
21,718330 17,291045
27,849530 15,507608
19,819462 17,050651
17,945039 29,203929
17,776846 28,055770
18,602619 27,641906
18,772420 28,464407
17,913300 28,001774
17,388741 27,359127
16,878966 28,721314
18,240379 28,071263
18,401816 28,331652
18,497599 28,357502
17,806168 28,905498
17,660148 28,044700
18,327836 28,660540
17,097080 28,682461
19,408777 18,048039
18,618073 28,280322
28,868910 15,093295
19,899368 17,719247
20,837410 16,349554
17,463173 28,279297
18,255270 27,163481
16,969952 26,535464
20,881250 17,675325
19,270119 28,187141
20,798846 17,150116
19,350033 28,178218
27,884130 16,524364
17,329995 27,002365
18,305304 28,321705
18,071740 27,814412
17,924555 27,535680
18,105780 27,354096
17,662072 26,723022
19,008049 27,945690
17,910304 28,790118
20,830891 16,951956
21,678676 16,106386
16,053877 26,551944
18,284983 28,751016
17,127642 27,679546
28,705379 14,708519
17,037484 27,292584
18,129251 27,908372
17,403629 27,851464
18,607471 26,848610
20,126558 17,263752
19,472946 16,810385
19,069729 29,600629
18,407160 27,821065
28,463825 16,292082
18,662803 27,337741
19,196147 28,911768
28,737155 16,299645
20,789434 18,551765
18,035621 27,768819
19,167192 18,662947
20,211565 17,680573
16,751554 29,045983
18,148331 27,484788
17,783034 27,935583
18,279047 28,981394
17,864938 27,577686
17,435341 27,730683
19,891974 18,735685
16,793076 28,135555
16,957351 27,736611
18,718953 28,508649
17,170851 29,544995
20,917770 17,518253
19,898380 16,962002
20,227607 18,419236
17,258335 28,413628
27,285282 14,851918
18,242250 28,014043
27,899364 16,058634
18,389179 28,384931
20,114378 17,606492
20,801719 17,950332
28,467275 16,785814
17,815825 28,055138
19,331473 27,798623
16,610573 27,176600
18,319497 29,003295
17,328571 26,118516
19,733560 16,937532
16,811298 28,145046
20,730785 17,781278
18,273805 27,787232
18,198517 27,759958
18,269026 26,655259
17,493083 27,926874
17,135887 27,686086
27,590378 15,761722
20,920590 18,213594
16,627108 27,600303
17,010671 27,198320
20,173985 17,412151
28,466052 16,722062
17,613109 29,992430
18,261363 27,474383
26,324089 16,845135
28,322329 14,216144
18,223484 28,048272
17,590742 28,330027
17,700435 27,784911
17,615077 28,672479
18,207858 28,271328
17,804977 29,873356
18,124536 26,318312
17,162570 27,890750
17,982566 27,242480
19,674684 28,699171
17,797831 27,437048
18,028781 28,724095
17,727542 27,409061
19,293467 16,763332
28,392933 15,318061
17,885545 28,535335
17,798443 29,335972
17,590274 28,974506
16,916668 27,425507
17,634575 28,669786
17,570367 29,961870
27,428042 15,796828
17,494385 28,753060
18,569979 28,870564
17,391228 28,757413
21,134153 17,102654
18,606728 28,734631
19,753838 17,528513
18,189689 28,673787
18,095655 29,275121
17,301430 28,050472
17,887808 29,063091
18,853998 28,338912
18,383642 28,047776
18,315130 28,194678
19,151953 27,697548
18,550078 28,759166
17,889766 27,990397
17,327144 30,092687
20,921273 17,315057
19,120414 16,956884
18,032181 29,069978
18,743002 28,618500
28,526744 16,013803
17,578168 27,546805
17,698231 28,865469
17,146007 27,677484
18,785940 29,496594
17,485023 28,858733
18,383929 28,505119
16,769803 28,171336
19,724159 17,831762
20,467770 16,564369
18,298796 28,332685
16,829195 28,305326
27,835345 16,013748
17,990600 29,019019
21,098764 18,092393
17,160705 28,271268
16,764550 27,817179
18,037958 29,039652
21,274353 17,856497
17,750304 27,493921
16,412114 27,851077
18,240758 28,395255
17,915694 28,354250
17,367421 29,101261
18,269280 27,997403
17,947434 28,520641
19,831797 18,693399
21,013747 17,079987
27,120192 15,390190
18,134477 28,727282
16,352304 28,495864
27,447838 17,240851
17,858870 28,032088
18,179527 28,211641
17,408591 27,982768
18,848718 26,957331
27,708513 15,890411
16,755147 28,061164
18,655535 28,228107
19,523035 28,600051
18,654896 28,336251
26,981968 15,741253
16,822562 27,406724
20,200693 17,095867
17,387283 25,658442
17,805238 27,005687
17,471744 27,755580
18,259565 28,149537
26,797521 14,837794
28,933381 15,553916
18,487425 28,358743
16,828247 27,596453
18,199560 27,887110
18,010714 27,656837
18,440074 26,576012
16,948491 27,054290
27,548258 16,655611
18,281114 29,919193
17,966263 27,944492
16,959211 28,690525
18,092803 28,937131
17,159271 29,272930
19,877475 27,890676
19,860890 16,586098
19,701642 17,657611
17,512060 29,004075
27,918269 16,433654
20,178889 17,206481
20,883017 18,643586
18,123446 28,993073
27,712441 16,352898
16,910640 27,786208
18,711397 27,007629
18,161927 29,688005
18,038595 28,150512
20,928597 17,632251
18,445409 27,791533
17,539613 28,102377
19,403934 29,449056
19,570393 28,225790
18,365097 26,888933
18,180254 29,292485
17,562100 27,236028
28,221949 14,375469
17,541916 28,164717
17,539408 28,259063
28,035723 14,683878
19,880015 17,106987
17,208556 29,758286
16,835005 27,797879
16,890084 28,229216
19,025559 28,341612
19,988777 18,046095
18,845340 17,125224
17,589118 27,756033
17,230918 27,220646
19,055244 28,489896
17,937166 28,859904
19,198704 27,479952
19,037954 29,105774
17,254543 28,941231
17,743906 27,477613
17,909063 27,423512
17,327662 29,353694
19,844656 16,349406
18,409327 28,430958
17,886552 28,563285
17,894658 27,289476
18,664926 27,326158
17,622658 28,451352
17,390616 28,293053
17,951072 28,854299
17,756920 26,672691
18,550404 28,366035
18,127487 28,017778
20,261312 17,389888
18,760448 28,750603
17,765573 28,413687
17,060925 28,379452
18,371076 28,454216
18,970679 27,292619
20,189981 17,759889
19,881219 16,371510
20,231456 17,539571
28,112964 16,651027
17,146904 28,518601
18,571670 27,492707
17,434851 28,294287
18,993407 28,812617
27,418186 14,013806
28,205551 15,725593
17,706817 28,856800
21,187811 17,602521
17,536515 28,357372
18,987976 28,735978
17,337122 30,377128
18,040084 27,246786
18,874420 16,694305
19,007655 28,951007
19,733315 17,659705
17,899413 28,955548
17,696584 27,184226
27,132965 15,209563
17,068073 27,822028
17,736134 29,306830
19,282650 16,231978
18,687516 28,036359
18,096870 29,538343
17,016817 26,609896
17,506123 29,017351
17,837654 27,373686
26,589659 15,383506
17,359933 29,605108
19,131167 27,423567
17,856447 28,725786
18,623894 29,840210
18,746575 27,527317
17,618103 28,458791
18,009935 27,866364
16,778809 27,426154
16,499498 28,823688
28,633621 15,842844
19,659700 17,722100
19,784225 17,302181
17,571497 26,353686
18,830723 28,025174
18,436492 27,984596
18,117719 27,727625
18,967689 28,346225
16,939358 27,826073
20,045614 16,758795
17,047155 27,989223
17,776262 28,557140
17,328570 28,058578
21,267564 18,228436
27,736342 15,912337
18,058446 29,129489
17,389222 26,460132
16,619326 27,845242
18,425230 30,255596
17,826461 28,461041
18,175152 28,636809
18,714219 28,383455
18,037108 28,179180
27,701768 15,471119
27,501661 14,506386
27,541539 16,318264
17,945831 27,973632
17,575935 27,424343
18,225037 27,738155
18,021953 27,817403
17,875159 29,509396
19,100315 29,848567
18,063693 27,856197
18,972800 29,890957
17,542958 28,242814
17,769444 28,817358
18,075191 29,224738
18,219388 28,241350
27,214403 15,470709
27,457529 15,084337
28,441140 15,617595
17,975597 28,113319
18,074468 27,810821
18,362465 27,901910
18,344228 27,745569
18,414222 29,720253
18,933223 29,814342
17,893972 27,226814
