1574
4920
4119
228
1821
811
3877
3471
2954
3459
3438
3746
4653
231
996
4966
4688
4867
3217
2188
4345
1633
639
2217
1809
3797
1462
4562
3658
2821
2113
482
1071
573
3218
1760
1241
2701
599
3842
3280
1506
3645
518
3308
1722
4826
1689
3626
2112
3290
1665
2234
1496
3851
439
4360
4533
755
3303
4629
603
308
4857
354
3356
975
3325
1476
2685
2573
3276
2587
1404
707
3547
4586
355
1943
4668
3971
213
2596
2483
4700
3427
4642
3581
3469
4796
2906
4153
2257
618
2538
4665
2812
2849
1085
646
4742
994
1710
4324
3637
568
4005
1821
4207
4384
381
4775
1981
1522
3400
3452
4528
444
3076
1907
3825
3714
778
4613
4422
1571
449
1208
4995
2869
284
2025
2359
3788
1317
4802
1695
4572
686
4077
1776
3634
4303
2857
1981
363
2384
2787
1706
4320
3039
1160
1319
4807
2893
1159
3852
2964
3947
3945
4732
789
505
3917
3050
4801
3068
1014
2658
3040
911
4870
623
4123
4949
4718
1240
355
690
1474
643
1263
3478
3679
3428
2020
532
2017
2259
1339
4408
810
4394
3918
1703
151
954
1416
3807
2371
1842
2947
4049
3625
3515
2147
4494
4167
1398
416
1995
3529
267
4708
4731
264
4345
1505
3598
2747
3696
3783
3780
3589
2373
1284
4961
527
2804
2502
1214
836
4179
1007
4983
2286
2702
2553
178
1833
3178
699
1404
3622
1941
3926
1237
4536
4772
3161
4902
4986
649
2122
1444
2961
2823
4998
2677
3075
2300
2548
1224
4676
2439
3737
1586
2366
2396
473
3422
2911
3504
2799
1191
583
4457
864
3578
1218
4821
3333
3254
4334
4908
2610
2760
295
4320
2696
4945
2371
2358
1969
1896
3976
3306
3732
1957
3375
3029
534
1955
3000
844
1985
4556
3255
2568
2177
4856
3609
3685
2351
3294
3333
3147
1048
3195
1644
2000
1575
4309
4466
2406
4648
2128
2281
1549
3589
1003
2622
2112
937
4636
4396
4875
700
4984
1171
3745
4588
3894
4934
2865
3617
2035
3188
4546
3068
1976
2752
2335
3902
665
3755
2145
3026
1739
2045
1255
2082
3972
3287
531
1800
4331
1717
4224
4624
2605
4447
3384
4170
997
4679
4966
3345
4151
2638
576
3169
3318
406
149
1548
2288
1598
2791
1882
2615
1948
1145
4017
1593
3698
4870
289
3025
2883
3402
551
3790
4989
4372
3050
2388
4159
1972
434
2315
1277
3286
656
2087
2793
568
1023
1474
4609
1093
112
335
629
3404
3941
2493
2822
1295
1292
352
3307
1427
1538
4040
2794
4211
4581
2306
2829
2030
148
1854
776
2194
3115
3485
3947
3348
2882
467
1738
806
3187
332
1945
1355
967
2278
2413
2408
4364
3333
4301
3440
1216
4732
369
386
2671
1020
1731
3407
4478
4384
4710
4131
890
3467
4536
4199
2394
2740
3121
2070
4175
2996
4322
4156
823
3127
3249
2258
527
1619
973
3286
1955
4595
4849
4024
2983
3340
1477
1338
1404
615
2624
355
1737
3229
3894
331
137
2095
4324
1965
1066
4214
3108
2571
4160
2669
1533
1831
1621
3957
412
1898
2305
1829
3331
757
1632
1358
4567
345
4953
4704
3136
3805
1128
1172
1147
1732
720
3315
1044
1295
4785
1553
3831
1745
2488
262
3031
3937
1421
2502
306
4419
1549
134
4434
3818
2805
1150
1628
4775
923
4781
2747
2400
1704
1002
547
1204
4834
578
1477
740
1308
691
2857
3517
4772
874
4181
751
1409
2634
3686
2293
4959
4915
1246
1038
4928
3447
411
3627
278
1794
872
3596
872
419
3536
826
4408
1097
1427
1483
253
2675
1857
196
4169
235
1740
3764
1515
2400
2105
3248
3301
693
2752
2569
1218
2309
3969
2412
4123
2027
3317
3946
2020
949
2640
4070
2087
2530
1740
4618
1003
1130
3487
696
2131
592
1904
367
1174
4409
1659
3870
515
666
4015
4004
3893
2200
2546
411
255
237
1671
2083
3188
2681
4525
4373
1161
2751
3586
2733
1912
2077
1595
4340
2848
1958
2893
179
3791
4385
3601
4518
1971
1253
196
3535
2784
3023
594
3150
1875
1321
1674
341
1560
1258
2215
2517
3692
3168
3906
1207
2168
1180
4171
2552
3780
2004
3709
1823
1487
385
2163
3196
3977
1794
815
1551
1292
2811
2679
3832
4028
292
3612
959
2584
4255
3368
3093
3534
3364
3322
1891
1346
232
4019
1264
994
750
1138
2961
584
2041
3795
646
1421
3779
820
4194
1754
2297
1615
1791
982
736
3795
3770
1287
3644
2799
2372
1437
2467
1831
3245
806
339
3767
1381
832
1214
149
1850
4132
2608
343
333
758
1519
3622
3493
3453
2519
1542
2087
1755
2044
1791
2383
3988
507
1562
2973
2389
1421
3354
1353
1859
3419
343
2801
935
4165
1577
2256
3921
917
210
3292
2328
3104
1655
655
2098
3730
3308
2641
3907
3144
370
3446
789
744
559
2542
757
3226
1899
2854
2938
2202
3144
2699
2152
3631
3462
2672
4265
982
3014
412
1949
1727
1439
3042
3580
152
246
3678
4017
1033
3729
2581
4236
2408
1738
2007
4276
1339
2493
3123
1907
3997
826
2718
2007
345
3535
2041
3914
2890
3346
1898
491
3755
3599
762
3519
2720
167
2245
1920
4248
283
1837
3394
2039
1194
1143
2548
494
3398
3473
3312
1649
2145
1445
1649
3702
1120
1372
1277
2299
3726
1132
610
3574
2464
2864
4279
2659
4171
3147
3183
761
3475
3267
1292
2740
1679
2047
3301
3836
1804
1345
198
1644
2383
760
1547
884
2347
1480
238
1134
3085
611
1062
258
2334
1645
2214
1349
273
3204
3059
262
355
969
300
2863
546
836
348
658
4103
601
3026
3112
1472
4177
4150
1809
2665
4007
3358
3988
3667
3871
2118
718
3429
2573
2791
2721
1271
3331
2080
3693
2418
2862
2644
2390
3459
1558
762
3486
493
1007
4285
2567
1493
3315
3438
2038
1546
1614
4041
3068
1439
2418
3794
2600
1694
1041
4038
2418
708
1574
629
627
3028
3698
2228
3928
1918
2537
926
1516
982
207
3128
231
276
2796
3495
101
4124
102
1136
233
3572
2805
451
1489
2459
2969
1044
1666
1978
3894
348
2990
314
805
2596
3275
3536
4152
3041
4297
2422
1728
893
3393
465
2100
1790
2854
2802
2463
3985
1963
181
1270
3988
3519
1501
1236
1147
1398
1487
1929
2633
2911
4028
2802
1911
321
1866
3075
1845
2458
2432
4058
3326
4029
3494
1854
4113
1189
2050
174
963
2164
322
319
4087
3463
3827
981
2269
1868
1836
610
2007
3353
2560
4112
3286
258
351
1975
2561
2936
3333
4247
3173
3336
1286
594
2210
2099
4122
2628
1098
1004
413
3377
3364
2502
2101
3151
2713
2368
1872
3173
4134
111
628
1644
3280
3683
1345
3262
553
967
2522
3518
3206
2080
2079
4060
3214
988
1472
3389
1571
266
4191
3017
2973
121
890
2351
1562
2354
1089
4122
1544
1426
2273
731
3074
3740
4194
2044
678
339
3902
2407
2814
1276
3916
2346
370
2073
4135
3860
1839
3614
2247
987
3215
4122
1482
2367
4285
283
600
2826
4150
1871
459
673
4039
2233
1982
2662
2898
3176
1836
1050
2375
601
2495
1586
4003
1993
2781
4261
106
1681
2208
2793
442
2543
965
216
3411
3704
3297
4262
674
415
1901
3515
911
3275
2359
3671
1591
2830
1217
2145
2006
3202
1178
1093
2546
1583
3390
1067
1067
1186
1121
2274
3972
2688
4116
2096
4290
1423
857
1736
1880
2702
209
3688
3864
2316
3370
3457
3186
2041
3411
1152
3689
1838
2560
1822
2178
265
4167
1015
3301
2837
831
2483
3339
4117
3421
3234
3146
1478
1165
657
4206
3743
1940
389
1322
456
3587
3764
2235
1324
1944
3996
3270
785
2459
1001
3842
370
189
4238
2531
1771
3107
2843
1752
1842
2321
719
4280
3053
1979
413
1827
3324
1556
3751
1234
773
149
3535
1970
233
3209
3108
2294
3229
3150
3498
663
537
3890
3343
1430
2928
4030
1469
242
2195
2777
1259
1641
725
3101
1208
2590
688
3316
3936
3286
1769
2118
894
510
805
568
1871
1908
483
4071
2857
171
1473
1220
1300
471
3884
3104
1125
1283
205
235
3453
612
1749
251
1437
2644
3333
1128
2347
2635
4053
733
2049
3276
346
4237
1090
3582
1119
875
2504
540
1124
2679
681
1322
3326
2406
3018
3173
2548
666
238
1894
3733
1894
284
1559
2233
957
1152
3016
1523
3237
3075
1039
875
425
1624
2151
818
2788
2890
2309
2305
3251
1146
2668
2702
4028
2173
3252
1119
3185
3736
833
3550
958
525
2390
2786
3128
3657
2042
4277
3847
2207
2024
1765
3110
3804
2077
3502
4034
943
2695
1735
334
387
587
2154
2167
1923
1981
2208
979
3522
2343
2353
3543
3352
1143
905
1094
2948
2847
3223
3051
1280
313
3391
2221
4266
3038
909
2452
1497
2911
955
2482
2514
2098
2111
926
638
4020
3389
979
593
209
1812
761
4115
4023
1422
2304
1211
2661
3199
3906
2970
3357
1254
4003
2053
3903
1165
2523
701
2704
685
3528
3866
2270
990
3479
4153
2784
993
526
1545
2561
1512
2024
513
3705
2674
256
3941
1593
1288
2466
4194
551
286
2539
3509
421
3657
1349
2061
2982
2172
3346
3389
902
824
3874
3001
1502
2177
4036
2108
2958
388
469
1751
784
3276
988
3090
2405
4216
795
2327
665
3959
4287
3658
2076
3819
3845
3958
1979
1959
1207
2785
3713
3086
2025
3894
1876
1126
2153
1019
344
1100
4202
3005
2735
2062
2807
4166
606
3038
1783
3675
2571
2299
2329
3963
817
593
2165
1020
2232
3321
3505
2139
3435
4194
2149
2977
2648
