-65811
48613
16321
-7223
76914
-1148
-31313
843
-16800
-6889
57449
8227
-3346
-5852
-5546
27321
-78846
-78501
-51721
20958
-4941
5131
-26177
5307
-8175
-64395
-22610
24420
1466
30940
7210
88866
40673
-59235
74914
44722
-7863
-4952
-78044
7997
-77940
-60630
-66340
-75879
25257
-80026
58409
-84490
15334
7030
6422
71567
6481
33868
-22689
31789
-9763
-70776
70169
-7825
41411
-2479
-70662
-68380
69471
-9381
-74
48507
-22534
-73870
31644
8331
-8410
441
-82007
-9633
33006
-26688
22715
-23668
3678
69974
49981
2007
1319
-9732
-89559
-9629
-8113
-8912
-1408
-7917
53590
-3858
81130
-3938
-2426
-88612
-48104
9411
-60129
-79649
-8916
-3176
-28057
674
-68142
-7800
-50061
-30898
4820
-26141
84364
-60283
81847
9458
4960
-6588
-7351
40924
-14001
21863
3535
42502
6397
-39802
5946
44967
-7213
460
25088
-56798
-72474
23
3397
-9234
-68461
-38821
79901
-20438
-55816
-5444
-6601
71889
-6562
76887
79794
4242
2777
4125
68166
78040
86644
-5148
-7202
8850
-42617
-9766
845
-61188
-76046
-929
8199
-35968
83983
-21846
71707
78159
-72479
-11469
-71710
1132
7617
6886
-6094
-64541
30448
-5327
-5640
-8506
-32600
45670
-50070
-3327
907
81478
-44115
-70334
-10021
-8924
1495
6287
36494
-61488
1679
19412
38269
-5941
-8133
61299
-5410
-2563
37703
-20282
-112
-72303
-3711
-3897
7786
-76545
-66664
60556
-7504
-949
35994
-39362
71725
46679
-8495
-30649
77861
30906
-65886
-89786
51497
778
-43416
26307
-75156
5368
-32573
8875
36601
9046
-81516
1920
-29655
-354
22574
2825
-47364
51370
-89980
3063
-78979
46038
223
25983
2190
-75031
67830
46412
7811
-691
-38788
36529
87679
-71216
-68527
-8140
-3653
-8886
9135
-39709
7909
-52864
88981
2259
-10362
3993
26909
-8155
-17200
89840
-85581
-67692
13434
4726
55530
-8275
4333
-27671
205
-11544
-6836
-35335
-56624
-7105
-51268
18063
6246
26660
-52168
9736
-74270
-9064
1059
-87666
13148
-61922
69063
-22595
57224
1922
413
60255
-83914
-5283
-48757
-5353
-75928
-50146
-9702
-29510
-81800
66957
16712
-3921
13831
-33131
-60112
5055
9267
5218
-5727
1645
18423
43754
4066
-608
-8075
-980
25746
-6354
7843
35565
7532
42661
-50097
51072
77078
-67617
8364
-4480
-82666
-58187
-87037
63479
-40707
-66561
9648
1675
12462
73174
6869
71337
-13294
19573
-47268
9968
11876
70611
-87050
-87388
17347
-26436
-24702
69793
-69243
70958
-30963
-67332
-36159
-100
264
7571
-67410
-87111
801
3186
-1662
-2753
-56349
44511
4112
-14019
7733
-58129
76896
20073
-54
3187
-2412
26487
66889
-4387
-8343
1824
-3020
-8127
1465
64415
18204
78733
3396
59334
51512
-280
890
7495
3482
53719
-75377
84927
51558
3080
-9657
75770
87609
7425
-3870
-82912
-44634
-7104
-7136
-19740
47738
71708
39595
-75369
-4395
-44884
22186
3316
6278
-9988
-4048
-997
16932
89769
-82898
-7387
24817
-14967
86924
19855
33161
31545
42800
-5707
-5745
-45406
4628
28372
-8741
-54381
6417
-81300
-8789
5662
-6687
-29388
-25648
56276
-55154
-74243
85989
-5039
21396
-3546
-39565
6713
-31729
83148
-414
68480
6830
12189
-885
4632
-45602
-26802
703
2301
-6590
-51286
-71469
-16616
-25864
32397
-7514
6719
4146
50650
22202
6326
41161
-37143
58421
-67942
3941
29160
-8299
19808
-53273
-7547
-4264
15748
-53892
3787
4013
-53859
17870
-81625
-34894
10130
-5384
-6772
10652
-8379
-18278
83576
50654
77032
57549
59309
-13513
31200
4574
-16918
-8731
-9748
897
-7070
-55358
16628
-1573
-71312
-32472
8592
50686
-70612
8840
-27018
-55473
-558
-7647
-2303
-76846
53754
-4279
-3956
-61976
82872
-33755
-29739
7816
81038
8073
80048
-53284
7966
47331
6319
-76363
-45385
-5278
-19562
28697
4711
74861
-18549
2444
9681
59856
-39163
6785
7788
9413
-54931
-71995
-60468
8662
57409
87790
49748
-42172
46598
-8313
7742
46939
-5044
-81545
41999
54453
-35083
-7498
-7601
-82692
-54361
72819
-68042
8184
45713
1333
-864
-19250
-39078
-9497
-17240
42170
89541
9613
7867
-41135
8677
-32649
64076
58870
-2570
9088
-22923
-3531
-12655
12909
69747
-7524
59754
-24648
11684
17403
-16227
-86800
3544
-7202
85372
8310
78869
8478
-6026
-55819
6148
2611
-4611
-26093
73292
80936
-75849
4104
-77325
-59478
926
48705
-25624
-53051
-85240
-1542
76171
-2118
-12285
-17738
-609
-2411
3260
6650
819
9901
-10243
10316
-7409
-35278
-4593
42299
7649
83403
-20880
-711
-61893
-6757
78533
-8864
72779
-3544
-18816
43076
-29459
-74076
-13152
83189
405
13994
73725
-77499
-5136
29807
-43158
-736
-51536
-49142
-51016
-189
-5650
-8200
-68801
3780
76993
67239
66008
-66692
7548
-630
6589
17272
34850
-9008
42606
84007
-7301
23431
60798
8139
-6430
-84446
-58765
46082
-3972
-39741
12016
-41982
51046
80899
-17107
9731
-19030
-9040
7146
64824
-54227
69179
84550
-71673
-4715
21087
27800
38146
9318
24485
42202
9576
15767
-86825
8472
-4745
11659
3003
-47793
-2217
-4647
7560
13936
-45535
-36158
-61745
-34799
6697
7266
60962
62860
8313
-78019
2552
2701
-50792
34669
-1138
64696
8495
-8317
-31450
-76778
11
-3656
36512
-7286
2444
-1076
2148
22218
-60274
-71156
-6630
-1325
1437
17079
-75943
69985
57331
-9973
-44857
-56399
-16845
-82537
5412
-3486
-25674
-40797
-89125
61305
51154
8637
-22726
30010
634
22307
-40095
43519
-29598
8861
-6999
13868
-4456
2305
42256
-30775
329
-89019
31196
6600
-32242
9458
-26926
6707
-48211
-6134
-5908
-2414
-53310
-16287
11134
-67265
69693
18383
4999
59358
-38509
61029
-50017
38934
41608
-32613
-12886
4305
-70355
13458
-55111
19962
1849
-10605
-42619
17693
-5723
-2816
-7837
57340
-5159
21268
-77348
-15938
87800
-70303
42853
-33198
64221
27014
4471
46971
1568
18720
-648
31385
1085
-231
753
9693
4562
49853
43236
-83675
51338
78095
-3796
58361
-33406
-6147
8821
-86484
76404
50378
78919
-8560
1105
-8215
18366
-4006
-7147
-24389
28881
-52695
-18617
16683
54510
-15762
89178
75055
28236
8422
-21748
14677
47974
-70503
61170
-47247
-60050
-47143
-18812
3475
-2381
-1496
43373
29836
-76035
73677
6265
-58833
46990
49743
-2996
-36863
-60108
5676
-1304
23566
-61372
-33772
-5417
6393
-78537
-72606
69247
1793
71338
-2080
-8136
28158
784
-88814
89318
-4919
6348
-41940
-440
-6914
-62616
-72300
4497
29704
-7093
83632
9578
88520
-8444
-30571
-34901
80538
-78577
5102
42980
65300
-33150
4722
-948
8545
-3003
81659
51271
4839
51213
-1498
-17142
-84840
-1438
8010
-6309
71118
-3961
68855
56215
-44557
30177
70361
64040
19821
-39588
40406
-66865
-39490
87153
36672
15047
53488
-9070
15624
56030
12282
-7752
31232
-45025
-18518
16713
-31044
-2912
-7565
25501
86010
73209
-65457
-10004
-34894
28838
18999
37170
-8019
3740
-6148
-291
-87402
-55763
2920
3563
74596
7185
-84843
29169
-63385
-155
7046
-8008
63421
-7841
20786
-49688
-70732
-56812
80047
-47897
-61508
4990
79523
76698
4226
5708
28534
-5077
3397
-2147
-9517
-5468
-1299
77755
41249
158
82978
-65289
-6577
65622
-8428
-6013
2493
-46226
6651
-1450
-20347
4615
-3919
35880
42355
5248
5457
-78404
-3089
-42922
38123
60271
-5679
36855
-6974
9784
-37679
-817
76618
-49823
4095
5014
85791
-6006
44268
2610
-51028
4652
24248
-78105
10628
28051
-69171
-4248
1274
18036
1431
3616
-7200
-77142
-34221
70884
-5860
-75909
-57433
17337
8121
6843
79763
64052
11019
-6425
-49461
5203
3682
-7857
51024
72955
41331
-20603
205
-62879
-39567
-3678
-71400
67003
5118
28734
10321
31641
7665
56647
25778
81744
-64519
8652
62632
-4919
7233
-2828
-2126
-35357
14856
-23
14928
-9225
-71080
79421
37049
61261
-9621
-24925
8927
-6844
6031
6255
-56114
11468
-4105
-29374
80078
1489
-43812
48793
1294
-46741
5173
-2934
52809
87656
-20364
-11860
63724
-68041
-43580
9247
-1464
-57677
-6112
-1182
-3313
40159
-8548
87231
-6057
-77585
3371
-8235
8788
-4792
56572
-9123
-84
-8597
541
-71298
-80626
31231
6617
3555
45897
2349
-23095
-78848
-2654
-81048
38118
75821
-4705
42755
-46647
3357
-81145
19438
35905
51676
55575
-5511
8772
-72717
-58459
-73241
86701
-6942
-58688
-60708
2489
-22602
59746
7184
7982
-81086
4910
64683
49453
591
59788
7416
1384
55828
166
-85180
-2778
43113
3525
-3620
53505
43142
12301
-4401
10114
7907
84409
-67286
77640
3830
-74356
-60209
-5719
85763
81969
-84924
-37090
14395
-7341
-1571
-7199
4688
8919
-9844
9360
34761
-57107
5256
-77537
-21120
59257
-84729
36284
17030
-29126
14749
-13722
64805
-4583
-515
-6504
-48188
-6219
-687
-61087
64611
86131
26531
-7178
-37170
-34869
377
-22682
-7028
42205
9126
-7622
-61375
37908
1919
-7864
9992
-5030
43577
-77652
-5010
-41760
-31960
-88377
-5839
81820
9699
66776
4889
3742
-9441
76878
-44128
-79425
-88785
-60406
-67221
-18380
-25634
74001
-10430
-20420
63749
9187
-43198
-56862
77622
-67693
-25329
-79063
7083
-4387
-43089
-67583
-88318
-54396
-2998
-10433
-4000
4931
-53315
-68138
-58010
69238
2824
8524
5042
-8792
-21491
2997
974
27266
-8074
412
1674
1506
17653
12763
234
-7287
2052
78889
15497
-59737
-4021
230
-14973
-75736
-7053
60691
-15748
70365
-550
-284
-66834
7048
2628
19171
6655
-44410
70560
-3721
-65781
-3066
30824
-5732
-3528
76742
-683
352
-49584
7903
2346
-32097
27389
85961
39166
33242
4300
8037
-72836
-8353
-65902
-6398
-34423
-51176
79085
-13659
16882
-8748
-42776
14302
-47073
53296
-2217
-75366
-16799
-30723
47892
-5871
2929
43461
32502
52814
83252
1579
-56069
-82885
-52621
-13048
-41798
-9371
9499
-60877
6334
665
-13130
-70445
88568
-88748
-868
-78254
-42692
61266
9753
-33426
221
462
-1283
69561
24630
38080
64068
58190
-68322
75690
67879
-3558
51153
25086
68358
-99
7523
53203
41722
-63772
30150
449
12431
79209
-20
36491
-4595
10392
-13344
22847
-32490
86358
9788
-78104
61652
-28373
-6968
-2361
6629
636
11603
28409
-66660
-39999
6294
126
-72433
74082
-40553
55104
30346
36734
-48654
25669
2942
7944
-67534
-3560
-54611
-75940
25710
-5588
477
-35783
-1597
-2044
-3756
45931
2289
8006
31653
-51118
-3103
7788
56862
6165
308
-645
-20771
-1260
4485
8474
-14175
-29426
-30453
70151
86579
863
9368
64825
-7959
87573
5946
36889
-23577
-2626
-21206
78871
70050
-7434
23001
-5318
-52252
-7020
-11953
-65871
3715
23635
-67705
36330
947
4977
-9888
32677
15562
-62434
5221
9175
49475
41200
-59182
-20808
-1294
65052
-81294
-34186
-84226
-39277
457
670
-18704
45206
36276
13471
42405
3352
-53188
-46071
-40276
8512
-44715
-23813
-831
74215
-548
10044
74135
-870
-46421
8887
9886
9957
89822
-712
-37162
-65351
89872
3150
-1829
4438
6595
444
89095
69653
20225
-5432
36663
-78105
35224
427
-5867
80627
-79838
86763
14810
-659
1885
-1598
3027
-61884
63560
77465
-10648
6021
-38419
76917
12684
-3164
-22628
-13409
2628
4439
45771
86997
-54951
48569
5897
-59287
85349
-25087
39946
-3502
-12928
599
-48432
35111
6575
-63077
-66967
72614
7832
-68494
-89662
-12262
-2409
6885
-68626
78497
-1046
-81338
-29958
7260
-82049
8639
-81061
-8869
-83809
-7164
9187
-81171
-17627
6016
-7107
-61189
17655
-5283
65087
1643
-4682
-36064
62915
-6129
-6251
55378
-44737
68276
-35651
-2497
-18729
71306
-28006
-62636
2170
-29337
-48435
3989
-41888
4600
-71383
-48017
2530
7688
1486
80957
28621
66132
71775
-2518
2608
-56328
3184
21853
3738
-73203
37925
-52175
-81868
-2690
-17626
9625
87721
-6123
-87154
6967
-22056
-5123
70334
-3182
-89562
13682
8428
32272
36969
75765
10543
26178
-6650
41720
-15679
-4620
-359
47067
-7332
-30239
3736
-2591
49002
-6264
-26901
32575
-4548
-30664
-6927
-35532
57198
-59780
-6194
-4692
-1787
65920
51950
2090
385
908
-56328
-435
-62273
79446
85844
77845
-32474
1192
-39218
31289
-600
55675
74649
-45408
82267
-1973
-43130
371
-7214
-5300
-6241
16778
-8662
-22373
22148
-81420
-81367
39412
-2034
8710
-2888
-11456
-9488
-4000
6064
3156
48295
-7564
-3558
64873
32468
2951
-7377
1642
26397
-1432
-11899
-53534
-42656
-27944
6840
-40390
-54514
7846
51678
3183
-20213
4186
-1918
5729
4877
72391
-5552
-4298
69716
-4019
-22203
-58676
-60236
10159
-35355
9863
56800
1055
-24344
-73362
-4206
-36029
6942
-67031
4429
23019
-59930
87341
77435
-6592
-14784
25905
-8851
-6495
-18675
743
-1860
4314
-50730
-8057
-1156
81102
7146
-3479
-7316
-11960
75539
-241
56718
-37504
7212
-49188
10589
-80356
-1569
-86071
-2233
-21522
-51439
-89794
64211
-51524
-22952
6211
-84944
-49792
13970
4239
-71537
-4223
-22849
7598
-12937
4134
67082
-74775
-4118
48361
31777
39358
-44116
47689
34447
47579
52456
89901
636
-8568
-22516
-8618
-48469
-2728
-22408
-59029
6332
-59595
-27823
-6259
30009
-30498
-18124
4641
-2157
-20826
-45206
6905
-1787
1503
-3713
-44361
-9219
70141
-465
-1235
-86785
72586
-85124
33953
22497
-6299
566
-66835
-1702
-607
-85302
29782
-6357
6187
76284
86420
-6008
-71381
49482
9010
-492
1303
82652
-578
-5846
-6209
32029
-5168
-9569
6580
66592
22205
43745
4624
-4396
-84555
947
55758
87940
7143
9126
72652
-48797
7377
-87851
-88386
76259
1957
1746
4204
4939
-6312
41931
-6823
-5075
14487
3303
-2730
40336
-7294
-5357
56380
36874
7469
1197
24518
9616
1403
6240
-44077
145
63895
2616
-68216
-891
3150
2445
-52488
61871
88415
-64053
49578
-19903
-2853
257
-77196
-89177
33005
-5370
761
-64021
-35497
52264
25249
-71751
7000
-7347
-15256
8102
-4661
24362
-255
-81506
6023
3063
-43640
-8794
-51580
60610
-29711
-12443
4419
50833
-28987
49955
18460
-52380
3143
11626
-7797
-15620
7397
9168
-52377
730
7739
38098
60897
-74411
60437
-3871
-1935
-83044
482
-6511
-46018
1896
71131
12131
3394
71144
73218
57218
46782
775
-55281
2043
576
-38749
74235
9072
16312
-5771
3060
61481
7914
-3112
85418
-55376
5663
-64061
-40428
-6316
4393
46744
-60249
-88859
9006
-16872
-31791
-3060
-10481
43842
-1906
-17370
21846
23932
45069
6682
-5388
-2396
-7255
-135
72631
-85131
-5544
44787
14336
-912
4949
-3199
72075
562
82721
-45797
-7561
1050
-31591
-27694
84421
47694
21424
-3084
-9048
-80882
-3681
36083
-5599
6717
58032
4770
2748
-42035
-45798
4502
-5298
4930
-8313
-28340
2797
-26390
75828
-6875
849
-8075
4131
-50715
-5561
14734
-15699
-5037
59
-74009
8070
35171
-2305
-11058
86321
-77048
-9537
-7606
-4843
35319
4764
54562
-6974
2065
-34010
79588
-9881
-7885
66837
-35530
-9628
4373
-47038
3455
-9011
49712
1340
-23385
-56707
-8984
13119
55493
-32790
-59253
-17536
3806
-7651
-7881
278
-33595
23440
65003
-2942
68390
-5155
-57185
-56482
84321
-85237
-6902
23368
4879
-46189
5111
24917
39483
56335
-36001
-6715
-8296
-74713
3370
-15864
7019
-2121
14255
5612
8650
-45511
65116
-4084
-9540
8678
-71
36509
42002
82943
-135
-65563
-49589
-4397
23658
6412
42737
-52758
-5260
56613
22836
-9460
-43968
-4256
-6815
82292
-50201
-2761
-9731
-6560
1289
82512
38866
-11278
-39422
40496
17906
7561
1758
29295
-11768
-76112
-48310
76470
-53261
18048
6801
8979
80895
8614
-27412
-54537
-782
4711
19445
-51602
-32058
87419
-62652
58552
4904
-6016
49228
17965
33518
55421
-35549
5934
30363
5526
-50403
835
-8782
-11265
-83768
71574
9469
72648
-29426
8456
7932
-51883
-21134
8880
-88327
-5122
14767
52365
21337
83044
-70726
-50848
-9293
55
76956
4554
-53111
36122
-19412
32664
27873
81656
63866
5983
23463
-45433
-5064
-27267
21556
17950
48469
68986
-54224
46218
64323
-7633
19144
-51345
-1244
49565
-43737
-2688
-83132
325
20162
4193
-3601
926
-28469
78720
-60541
79014
86801
-81357
-11859
46660
75769
-69902
-54442
-2668
-7327
-1889
60223
-9107
-72935
-46671
76310
9942
5641
6651
38055
3411
-37001
-21608
-83974
55613
-59739
-8037
-5916
58790
9860
-1077
-144
-7826
-26234
8926
71192
416
-40681
-4633
63201
30198
-2003
21500
-21068
-9714
5795
82950
22198
38383
-74265
-4397
-630
-9937
-85818
-1668
-61723
-85675
-83812
-7173
85692
10039
-1769
-73952
-2531
-26587
-25349
1922
4205
-6656
4135
32432
23781
-18530
35874
3717
-190
-44289
45368
-45221
47233
5953
-63143
23317
9472
-16203
7304
3257
-15713
-13637
-89716
10851
13331
9382
-52889
3161
-29637
-4532
-3290
7421
-52717
55744
-59662
5856
-87161
-8990
27910
-21161
-12668
-89984
68776
38678
31719
-17414
-10905
9678
-53444
57016
61422
19327
-82434
63344
89353
4438
-7004
-7132
7874
-62684
-73551
42187
33658
-7645
35747
39034
-3419
-69004
-4867
6751
-38040
-47299
-67347
84296
-47772
29209
-653
-118
38155
8989
-58377
4256
6174
-80420
199
9945
-3240
-8479
-8775
-77403
10387
75248
59989
-5182
-7334
-5090
7402
-82493
5080
64577
3002
70389
-39957
-9279
5044
-43606
35652
68
51047
34735
-45513
-7439
433
-3058
5068
47478
34504
-4588
4045
5308
-9197
-79952
65316
-19726
31538
-36043
-74644
7353
65496
9667
3847
64152
31765
43399
-10917
2694
3274
3904
-12069
62581
-1768
-53312
-5304
-4640
-51518
-48883
-25276
-80952
-87854
-28045
9989
-9673
-15702
-64304
18868
40681
6543
-58209
42523
-53340
-57202
27383
-25747
-57137
2645
-5500
-6971
3868
9441
-776
-66359
52494
-18739
23230
-6426
-51821
1442
19838
-69655
16031
-1068
-70272
17237
-85788
48765
26274
2824
-66216
6964
32881
445
72638
16915
-6050
-74323
21155
-35381
-5153
42215
-37171
7547
44530
-21329
-1273
-6001
78533
6456
42553
-61957
6207
-43777
-5195
-49803
2577
5827
-71712
-10718
-42495
-2509
55900
69891
-7364
-36034
-12091
56873
34487
-67572
543
-19463
58493
56122
7723
80160
9851
1836
-34452
-7789
41160
-199
83287
31101
13213
-31844
-4225
76754
-79699
-54928
-9462
-5050
-1499
21388
-4250
73272
-70276
-6191
-53608
1262
-889
48406
-50014
-7937
12191
20628
543
34936
18729
4480
36788
6314
7349
37903
74030
-77571
56329
-82240
10981
7955
57494
-7554
4415
374
-88267
74344
-6676
-75281
-9827
45572
-57577
25722
74394
-9117
-2039
-9492
52888
7808
70293
-51390
-22209
-8882
8271
5497
8332
-31937
81641
-46584
-689
-15381
3679
25016
-86982
-30294
-59730
17288
7031
-7222
72186
2698
-51384
-60739
-48492
39908
-67627
-2376
-65211
1301
34999
66625
38932
26226
83979
7736
66210
-42681
590
7318
56401
50390
3286
46528
18356
-64321
28655
15142
-2285
-70373
-9803
-2865
75412
61105
-59498
-86419
-83047
-5636
66378
77424
4158
-85913
-31028
49153
48620
-767
-20020
54369
16396
-11239
77251
-7348
9356
-9576
17522
22827
-41781
-1188
53228
884
-77965
-51872
-7930
-45018
-6334
7369
-44304
-4883
-80344
5191
-23668
9889
543
43375
33415
6169
37778
34286
38889
-4319
24001
-5602
-7522
63998
49954
6676
-9364
1083
-76818
6599
-8300
-9856
1951
-8142
209
30426
-79887
-25
-9879
-69819
-22213
52504
-44076
48205
-55991
-7200
-531
76527
49731
-3560
34517
-42259
2442
72703
78922
-29206
-47179
54867
33067
-3317
-54962
-7377
44300
-887
40429
-85441
85743
79850
80617
-1153
-19632
-4151
59577
29440
4651
11381
64483
1753
3337
-3180
-16517
-58136
8682
-57107
79844
17482
30042
55382
-18204
7572
-89109
-30176
35305
64130
-6575
41778
-6647
85246
-6174
-36895
-821
-63064
78950
6447
-74904
-72303
-8559
47255
85353
-12494
51771
-6113
8347
-35033
-950
-6285
77539
-11142
-42751
-3213
1975
-35124
-2757
-807
20688
-89665
64782
-3329
-6651
-86645
-66971
38505
65328
25806
8856
5018
-7955
-51316
-47869
70602
81624
403
-69595
872
31429
53895
4735
40517
-7078
7720
-72021
-2096
-41787
5409
-4698
-68296
-1868
-64249
6716
44877
1630
22202
7111
2897
-67287
-40448
-8491
-52175
35387
-56911
-8984
-30492
12496
-7851
5959
-58548
4112
-7695
-8607
7087
7251
37837
1160
5574
-73212
61259
6259
-13725
18295
12793
28831
39898
3735
5198
68277
42548
-6066
-8247
27188
42496
-81655
69035
-77605
-68105
354
-82342
9802
6743
3258
-65085
-19718
-35766
197
3579
-70594
-81622
2492
-36472
24500
73334
-37070
-8740
-3720
-6554
-2575
-25189
56136
73309
-36792
1223
3654
-17519
50118
-6871
-56696
-15652
86708
52814
-54759
8459
-56012
-9557
-27806
45094
8181
79197
52980
73684
-9772
5060
14045
-66918
-32702
51532
4807
7931
39588
-54081
-6340
-8100
8770
5590
64906
75812
26953
85034
-14927
-84910
-1874
4923
-65727
-65358
8605
-926
-45610
31146
77239
-76036
9068
-82188
-35427
53116
7781
51752
-6551
83648
-22429
-63433
-2906
-32382
-5636
34989
23831
-76556
-28754
24316
86250
-85368
-11347
5362
48551
21473
-9074
821
83761
-67039
-34097
68151
56810
83005
32442
82222
5298
412
-86789
86185
-75186
7271
237
39145
-1629
1243
3833
3598
-9730
-6270
-48161
-7282
47114
62953
-8870
6852
-3105
1486
-9026
61317
-69491
-355
-6041
63591
16223
-4262
-1852
72775
953
-5643
6685
-4423
-30776
7658
71238
-2501
-8434
60021
4398
-6553
2901
9445
32124
-56140
-8159
36198
-88639
-1302
51693
-58714
2824
5525
6798
-688
-55063
9267
3888
-67689
53537
-55133
49049
-1423
-60148
-54733
-2406
7622
79012
7071
-32702
-50462
489
-72149
1015
-2433
9987
54081
12452
-7985
34455
-4870
7985
6486
-54085
78526
53832
9424
-80465
-2081
70387
-551
-8097
-32849
-2633
-4713
47573
-1425
-6319
18890
70600
7895
357
655
-80118
71587
846
62018
-8269
11767
60610
-72248
-1580
-2453
-6226
-7987
9874
3042
33577
-12314
3911
-3987
2420
-816
9918
-30510
-57548
-80510
-69683
-4712
6163
-3751
63285
9119
-74082
-9894
6133
9213
2411
-35466
-752
37608
-6288
-9038
2912
78270
84857
-14454
9146
65054
24283
-4271
-6994
85508
-9418
-7956
53562
436
3491
-8342
-8455
-21112
85259
-35461
-3115
1260
-58563
44733
-2383
41995
-5169
34138
-7380
-28838
-64062
540
6356
4826
-52501
-15000
-3073
27363
41092
9668
-63576
3051
47691
73446
63453
53136
-8548
-85247
-11723
26996
56842
-9943
-3524
37254
499
33815
-271
31739
65847
-44675
76463
7884
55206
46618
-73504
-18046
-85140
18763
80313
-61565
-926
-58532
5035
-75233
70472
62373
-6535
77565
8799
28665
-20894
31603
-83869
21509
39491
42810
-51192
-44288
-15959
6782
71099
6256
-38914
85207
1416
4708
87280
6522
-8001
-87453
85422
28557
52666
-40951
6380
9042
-1787
15828
-39954
194
61180
7822
-65464
-37430
-52284
-71537
-56860
-74354
6491
-5871
-12912
-6014
25088
849
18044
-63826
8540
5601
35194
-56540
3368
-6127
76236
-6492
-26542
25662
-66238
45183
14161
8853
67452
-74183
-66751
-2025
54347
59889
-25954
18764
-87555
-681
64730
89818
-79607
53458
5461
50060
29509
-7304
-51831
36887
320
4949
79189
-6102
66315
53415
-71626
127
-2691
7076
33182
-57801
-14933
9294
12773
-705
8032
12070
-73768
88487
8075
-62622
-56462
65812
-9370
-747
76247
5595
-47179
112
6756
-31925
67329
-5869
5009
3583
59247
71523
43176
74033
60758
-87
-56994
4710
-3246
-2967
-85927
-25888
2136
274
-45225
8716
4249
9352
-36109
4760
15520
4802
10863
84807
4963
-86486
-51571
42975
5670
3148
-5730
-1456
6552
-78424
-50647
-55733
-3735
17801
-2845
28606
-54107
-15407
-1259
-3706
10773
62898
-4014
-86608
-4207
47191
73567
-2755
-24801
2095
42673
-858
37914
-3891
-11133
80344
-87951
36021
8867
6306
59066
53714
-8821
-89630
8983
8005
-3142
-8546
-75282
73683
-9237
-6044
-7958
-54528
46637
3864
-8403
-44962
32215
-67615
-6828
2648
-73994
-72633
-25114
52714
8435
-9413
-86548
-14302
-3163
35908
37370
-51658
-969
83982
-4861
-24573
-2588
-89828
-74480
-8268
38510
-53836
45404
-10392
-5498
-1325
-67684
8813
-41849
-3997
-16404
-66754
65864
23845
-89348
23726
416
-9040
-41413
-957
14981
-65276
-7981
85314
-84782
-43948
9772
-43109
-49396
-9344
65955
38662
-51706
-41000
37111
70916
-37566
-36346
-46565
74984
-6834
54359
4019
-719
-14084
-7254
57040
-32678
42368
74637
-60446
50300
-45567
28778
1656
-1278
515
7352
-9305
-74273
20402
-5683
-6150
4246
3378
-9166
36750
70916
9036
49393
-65031
86455
-84369
3712
5163
8722
-16050
84498
-48808
5768
9647
-6414
8375
-78865
-88044
-4869
-77748
-1279
12505
-51196
-3575
-64984
-7603
-6730
67476
-3813
-77937
53170
-66617
-79037
68361
4837
-14976
-74759
-23961
3888
11665
-54636
16014
31143
319
546
13818
-29868
-64300
-67334
-60014
-79116
6714
25197
-6596
58238
43144
73699
8692
23328
-8298
8677
-7604
24276
425
-85593
177
-5458
-29489
7928
2122
-73049
59810
-71909
1917
-9278
43779
325
71827
139
17737
3451
6000
86520
64006
-72143
-87638
84155
2212
5869
-31873
78473
-36230
20262
-651
5845
33620
-4822
85298
88128
51141
-7170
58932
1191
1095
-57704
6808
-35967
-74511
8631
-8543
-12103
73383
7192
-18491
-49673
-18924
33300
31561
63197
8258
65036
30230
-3919
-33416
9378
6233
68300
1241
3871
-12604
-82485
8931
-31498
41650
157
-18184
6437
4438
38255
84952
-70674
-843
-2840
-17928
77359
3070
-83098
-75571
71490
4309
-85030
83687
31610
4654
-42846
-61454
-9375
-7385
64290
28915
-65923
-3420
-8142
-8339
390
1111
55322
-8657
-81060
-1027
-1363
-12328
-953
-56976
-82550
20313
51061
71088
-30081
2278
-68711
-68789
-52969
-3847
-51051
-17452
-62970
-85045
-66771
2588
-6886
17091
18662
1408
67563
-1752
57469
62150
7324
-74766
49434
-27245
-84161
3006
-366
6792
-46930
87580
-9638
81
89291
6326
-24240
5693
-26061
-70865
-4826
-7712
-85876
-39066
-37673
1415
337
-50794
57596
-5616
14460
14214
57984
6433
948
6253
-8993
7588
-2401
1183
8153
9324
-7199
-3588
-180
5193
-49257
49286
16480
26064
-119
39333
-6086
-10947
6588
35769
-65574
-2851
-26942
-9700
6249
-16743
55915
36280
45431
-4633
4711
12175
47049
-43266
-7085
-53839
53841
-2177
26019
47916
-21948
-12239
-75639
63834
47133
-16866
2708
133
-44054
-30587
73887
-9545
-9853
61610
-56165
-2604
55224
-76275
-4306
33231
-2542
-59556
-4538
51321
42431
39432
-69223
19310
-29828
3979
-2940
2722
65144
2579
-9234
7999
-87560
27089
2016
2565
38354
-74181
2944
-9361
68147
-25705
-34314
-60391
7962
7854
-13618
-7570
-76751
22634
-10949
-783
-44525
-652
3460
4540
83637
-67006
70163
279
12334
-68377
-63918
-5308
-3992
-432
17915
71502
9559
-4233
-36457
42603
-1319
-3058
-13758
4806
47287
77034
-8600
61534
76838
-7720
-1853
-46455
5338
81123
-50204
-73408
-69255
-5373
9133
-389
-28710
4637
6783
-78623
-8182
-3120
-46858
13043
-33700
8364
2011
-37568
-73798
-31428
4060
-45718
-76839
-5963
-7355
-14193
-2926
-1211
-79390
6439
-5860
4796
-58635
-82483
72693
51830
1825
-11141
-68320
-544
-27425
-53641
38083
66969
-33701
-21331
511
26302
5327
-35480
-65039
-16488
19238
48539
79863
7009
-2195
-1755
-89711
-6136
15580
-2714
57286
27867
-9062
3998
-18071
1787
65441
-29703
-20124
-5289
5978
-86306
-481
-56306
-479
-60604
-78738
1831
-2037
-3163
18185
7534
-27542
-77240
6849
-58989
342
-34578
53693
-69996
11011
-2617
-81304
7749
54769
4337
-19138
-62114
-1057
-5161
-6859
-514
78097
7265
-60097
14848
-7091
19390
32136
-12316
-57020
-52926
6154
-9368
-7217
3342
-36778
7072
66696
-7427
6243
13182
-60082
-5898
-511
-53932
-70122
59792
-86735
6676
709
50290
25303
7178
-76901
-35091
59542
-4430
-6830
-2466
-33219
-77692
83820
31777
-1975
-226
3627
7281
-1495
3530
3607
-26756
39164
82435
954
-57776
17817
-80984
6912
-9975
1026
-508
7188
-48119
87725
-3325
-794
31442
15809
-9641
4344
33822
10969
1489
-2342
-7653
26
-60802
917
29746
-40025
3584
-7945
-2273
-59693
-2945
-6484
44555
-20185
79138
-87029
49859
3066
4023
-43294
65540
-49997
-39072
6426
-61000
48979
78162
-51591
-80480
-68913
63454
-20645
-49467
-85227
-56575
-67252
41633
12580
20237
-10384
-479
-9733
7011
53961
33562
-88480
-32132
-70902
-45861
53120
-85957
2833
-9175
419
4833
-8036
-32711
-9279
77591
48938
-59814
8050
-2038
-8690
48745
-7013
49199
-55059
32230
57830
-707
73212
-10471
-19031
-1559
-8680
-6190
7903
38787
4234
66230
450
37899
-13574
-6915
57560
-6617
8887
22212
4699
-7520
-59892
12619
81366
-10985
-75576
-11167
-533
-88066
40260
-78364
-8814
-70780
7551
56314
-72775
87038
-30410
-1525
-83915
-57573
42351
-54585
-6457
-57310
71888
-16500
-43519
85654
-44882
83205
-64498
-5867
-71490
-4452
63282
-25099
2106
7281
20415
-33660
9989
-15242
-3777
1282
-52473
-17854
-31120
-64891
3506
8276
2120
9491
-3417
83867
-66291
-44165
-15998
-12854
3678
-6955
88611
-28912
-5602
3723
-22333
9285
61323
21754
-15218
-9372
-68562
49461
70372
2382
-670
-7352
55218
-70715
-35649
-2597
-59110
68281
121
-88947
69463
2075
-32387
-2720
622
-51923
81210
-42333
30055
-19537
69642
-3110
51321
3636
-61319
84057
5194
-4901
258
76591
86799
39408
-2009
82655
-68309
-51361
6309
23100
-3549
3841
85940
-25559
15735
1532
-3284
70045
5955
-31014
-782
31715
7059
38243
4164
32968
41889
81213
78223
-15561
60564
5140
-20588
-82357
-2366
-45170
135
-1704
-27760
50309
78390
2247
-3610
83490
-4270
-84040
76765
9103
-8007
75841
1820
6070
-81554
-1998
2930
-66590
29932
39522
5770
42794
-9030
-7969
39527
14848
35562
-1338
-13648
5590
-72880
41255
-3293
82299
-41934
21482
-35
-2664
48017
-26293
-29453
-57915
-69617
42102
-183
67215
62662
-27632
-7744
-3526
9598
67218
4809
35456
-67743
55343
68043
-2652
7492
-9504
4469
-20920
-43247
-3142
45593
-7793
19141
-1178
24393
-9790
63771
-7954
63453
44870
14553
651
50552
63205
4941
1992
6285
30892
-456
3146
303
-5810
-81014
6538
-78489
86735
-844
-6107
-9992
-235
-59786
25795
77850
53483
319
-36447
-25462
5966
4290
75940
1790
-6001
-2094
55986
6178
42705
4525
43874
7616
-469
-76421
-7405
50083
-65199
2312
5113
85675
4086
-27992
82694
-41677
2283
-1352
83547
-39020
-774
-32768
1469
-67485
-6063
-2066
27539
53807
2596
80215
-76548
1115
-1950
59824
31711
-78
-54520
-62131
8970
-48351
-6945
64379
66765
15931
11522
22092
29436
-6967
9462
537
-28041
-5949
-78427
9623
7785
19120
-5210
-82599
24512
9143
-963
3446
-65759
-6340
4429
8181
4214
22939
23592
-76629
-2116
-80735
-77952
-493
7596
-18
64713
77071
40342
68051
22509
-67416
5793
4901
-1030
-30281
-11287
66421
-40924
85818
9091
68356
5610
1857
-59375
5622
84987
-70
6011
36823
-44826
-48295
-80230
-999
3898
1679
-7449
16963
-33203
-52446
59700
63866
16010
38007
9886
12890
-58513
-50805
-1667
22583
-80326
-44421
-80655
7728
-806
31886
5981
14530
32387
41269
6478
7900
39406
-30097
7044
-5564
-38759
81239
-17700
4876
4361
60291
78776
82947
-19415
-85543
49012
-89953
-75882
903
-7410
27831
-76222
-18892
23914
50633
1009
16493
42119
-77028
87370
-780
-8339
-18428
-80194
30184
-5890
-54469
65027
-26088
-83550
-505
-56711
15120
8124
-16101
-30280
-5737
-66076
30117
-15429
5609
-32095
-57433
-27517
58980
-72008
-41863
30446
9008
-48314
78198
406
-52657
-1731
1281
-45049
4515
58791
-9199
13143
-12916
-76842
60514
-44972
-86035
19090
3312
-4990
-74017
-33719
-47313
51539
27451
19331
-41371
359
54072
-40976
25863
-44694
6651
-3931
79106
2710
333
-2168
-88905
-9657
-469
4634
-4964
6608
1274
85721
-9593
10239
-26049
-2424
-40591
-6733
-63794
-9736
-82802
-7636
-38005
9845
8128
21967
-62714
-9556
69657
59827
43097
-39794
-16381
13712
7986
57235
5786
-44756
2507
-6619
-1941
-88640
-2392
24148
-35432
-32139
4741
-8421
86238
15981
60575
9243
-44407
7505
704
-43513
-18
8396
53225
62923
83702
45424
-9319
2831
-3334
-4727
16654
-630
55332
82309
1506
69842
9827
38463
8241
41584
-45539
-65862
-47581
1243
89944
-18488
82592
11741
13611
7209
-32752
-4231
5922
7854
-72932
30730
-8647
-62558
-1691
71869
5126
-8951
-26910
58009
-1570
44442
63882
-213
-2810
-44985
73689
9271
-207
-8387
81831
-8834
-3829
85606
-31521
-42419
-59468
70775
9880
-72913
47862
26963
3260
-16452
-39471
-43604
-5329
5965
9899
952
-85264
-59465
-28205
-2642
1935
55121
7986
-16125
64025
-31506
-29033
63271
1700
18903
-9302
43933
-5641
859
9817
-62452
10435
44575
-6001
-83065
-70277
10046
-45363
-514
3680
4383
-11121
6838
8551
-2860
-63061
480
9222
14301
-30024
54852
4053
4698
-5161
4431
47179
1443
40644
36792
-15783
6630
69743
-9575
-9671
-76478
-7289
4420
-1060
-7025
85126
-7850
3256
8506
5405
-8588
23141
-2395
-86357
49351
64626
39712
-49877
-2486
-59192
5935
-75311
7010
-8193
79846
-1614
8953
719
-30537
-13996
49430
-31642
-51374
5115
-34650
-78191
7603
86538
-24124
58882
9231
-8269
36910
-2918
-61885
5276
24995
30639
34038
9717
27868
5062
-143
-58548
84069
5692
-15749
68914
-9081
-4411
3573
26046
-56669
2525
-87743
-47087
-63326
-39607
55615
-86932
19249
-5746
60226
-14905
10173
33769
-17242
-11512
36
-81943
33133
-74032
-2850
86457
1344
4069
28497
-12969
20409
86755
-70731
88495
-49923
974
-40981
1326
-8488
-75122
64940
6007
-6208
58387
55552
-81104
-34393
-51427
56336
-11487
-32144
8655
-45994
-8370
72603
2006
-7842
-25576
12023
71131
-16429
-72717
-577
9528
19435
56572
-25059
8919
-12874
66041
-53625
63817
-58716
-27736
1733
24039
9824
-75159
-18879
11196
-25101
6700
-45045
-64069
65448
7881
9856
-2873
-61929
5683
1153
1108
78099
-62824
-54645
-59221
65979
-67582
-83409
89089
45703
-7103
-28859
6527
-1473
-53773
61738
7474
37626
-4735
-5017
27563
64003
-69606
-6756
-28662
-3014
2926
-4754
74393
23359
20562
-78119
-7806
-6601
8356
81610
1782
-2776
8357
-28285
-29788
-14229
5123
34868
81662
7773
-16117
9529
84208
7648
11200
57042
-5762
-50862
633
3109
-9307
-945
-64643
-39552
883
-80535
-49574
-61563
-62604
77169
-84747
87149
23615
-15902
8856
-22992
-19192
30404
-44338
74412
739
-38
-24933
-11602
-8240
-3167
35977
1768
-58980
-3662
52624
-9926
2301
-1087
-42704
19728
-8670
-4631
-14274
55886
-6094
-80611
62335
-21706
77247
-821
-49886
-47923
-7639
72001
-46652
-63758
1411
-80326
-58579
1784
-11671
-72177
7821
24508
-2636
-17842
8099
68893
-87930
-73775
-58218
9895
22791
32465
59297
-24137
-241
-3744
883
-12624
2612
5904
13961
71599
-72226
42184
-79155
4798
-78869
-8727
2736
41228
-65592
78767
49485
-6138
65068
18516
-76346
6670
69666
43605
-19953
-79949
-3879
-5024
-78282
83534
27616
5374
46221
-9893
6653
2968
57858
-155
5731
-7480
48093
-87680
-28260
-17905
82056
-6558
6603
-24639
-381
444
8981
-75992
5906
-49045
-6025
-89503
-15644
-88507
-9701
-81897
-17883
-65424
24845
13815
-68116
-45534
2358
-2043
62589
81747
-8898
-6578
-993
60858
33583
-36807
3074
73254
-6724
2030
45651
88771
-18477
-70777
6873
-24080
-3804
3682
37377
71541
-56778
46778
-78992
-10855
-88542
43631
-23100
318
-9832
3518
3224
-68823
-1902
-42677
40598
-61915
62
-57573
-4768
5134
75809
-7220
2948
2905
8186
9772
5942
83281
43832
-89593
37661
-4355
58311
-2265
-8017
-21797
7491
4993
-59206
5265
-56947
-6388
-6078
6473
-51380
9306
-18153
46257
-2319
-40081
-6682
-42358
-979
990
27464
-85081
6029
7044
88104
2851
-26146
-6443
2899
59483
-15109
-32311
-2232
25208
-83012
-58542
66732
-4291
6360
548
12695
8006
-33812
-2312
23883
-7619
-70514
-3423
29418
-17313
-40722
2411
-1933
-56431
-606
34200
-3082
-48618
9876
-7771
85297
35123
-25927
10273
-1794
82740
86720
-3254
4121
6021
-944
-12611
3039
-74268
-87532
-3509
-794
-925
-10215
-1821
-31329
-86128
-2366
-73744
-53554
-6185
39249
9941
62097
-62942
-7350
440
-1866
-32977
-19458
-4879
64757
51395
-5097
30513
38235
-78633
-57132
-6709
20681
-68687
-778
87508
-7647
-21477
35284
-36290
-7161
-54942
-4156
2424
-20425
-37275
38703
4462
89108
-66347
2424
-3596
-189
-2895
-83562
-88284
-8520
-6787
-4191
78795
-27387
-19107
-76046
17359
-81504
-63977
-4555
-77772
-52574
22245
21255
-55124
-71577
-3681
-259
3364
319
-5985
3984
-60087
-77254
67096
-57705
-88060
-79487
-47283
-29674
-38250
1455
65397
-23165
78569
6866
-8004
6781
-68695
81276
80470
8777
-27485
70067
8200
72069
3206
-79244
4313
55892
-13859
457
-68590
-66247
-51652
-78788
-46844
-3625
8366
32452
-1424
-62009
14465
46584
-43287
10882
-63661
2651
3023
-79030
4413
5077
83895
-899
5786
13111
-62214
-27940
18599
25950
-5873
26531
-10165
-6617
70765
-51145
88430
-750
-21774
29992
-46224
-46280
-5154
46905
5888
-3521
-71487
-9426
1412
19439
-5697
10198
-2614
-65
44946
1004
-9763
16889
38368
-41717
6634
-52622
74731
14450
991
56624
-83283
56114
-2092
-13774
-369
-6568
-7612
1824
-15846
60076
7813
-70969
-7859
-6754
-1177
-4179
-47035
56928
67374
82843
-5857
12250
-3837
48981
-54426
-48043
-6464
-5254
6932
-13688
37711
89780
77407
1448
68506
-59439
8585
-5696
-9208
6843
-79531
-64996
-275
38634
84534
-7768
-10975
3645
61209
44
-57459
-52551
-37929
6214
21963
-37779
29946
1441
78388
-59088
-8961
28463
47071
-36201
65217
419
41182
-6151
-73882
-86125
-20618
5461
-87245
-54010
4647
-12713
15349
64633
-89326
-42337
-19042
-88702
9422
-13494
26291
-7910
-40186
84211
546
-9360
2149
-9490
-81150
36746
-83197
-52548
27585
-31819
-7570
-4945
54149
-6289
48745
30296
-9377
-1493
-8958
-55900
-8287
27672
-28765
-36175
-598
-14715
35676
9446
-1361
-66584
-26573
-64252
84498
25448
12601
18915
27742
39157
19965
-39869
9291
48888
35780
-9683
40934
-59341
6382
19224
-3554
8792
-823
-1507
57557
-44640
80461
9582
4470
86683
53923
-9944
-8041
-4023
32521
-43155
-74181
7409
-47
-3115
-62457
87351
-8647
-8803
23589
2835
-2172
-636
-675
-12691
-3955
-59724
80141
-84917
58311
54747
-9414
57499
9811
5049
923
53245
-32833
-42984
16066
-4203
-57217
-46013
7565
-85264
-3812
-2686
20927
68450
558
-2485
20616
-9855
7140
-6623
-27922
-40926
19007
-3430
74639
1071
82516
-1531
84
-17425
-47811
-61402
6716
55168
51805
6035
-9812
-3604
42366
-29594
-1692
-80790
-2846
-40111
-29348
87373
9994
36582
19763
-8366
80241
-15410
46985
53976
948
68766
-7548
7379
22677
60583
22761
-1285
19549
-6896
-8857
80597
-3724
-66771
12828
9067
-19938
3074
-2792
15284
-17363
31341
466
49985
-33028
46363
31010
-3729
-19600
9247
-30086
-60306
2696
-47028
6151
46104
6326
-54516
-5824
-82682
-77322
-10591
75128
81908
-1712
-9973
-41366
3330
-5699
-33561
-4053
63699
37923
-9412
-7271
-8226
50470
-14199
2823
1144
85334
82120
48914
40404
68123
-37459
-54584
37578
-47561
-16202
77850
27827
-64752
-12880
3270
-78406
26147
-9350
9884
2679
5995
49414
-5028
63491
-3658
-54982
-6793
1569
-66178
-44534
69418
8766
390
-21507
-7998
37646
-1670
-77013
-77851
-22073
5645
84940
-20206
-5009
12520
33047
-38535
-39716
-52017
-64709
75684
-32181
31834
-8899
16059
-21340
-65588
-658
69094
-31790
-58642
-10338
-13663
3815
-11419
-63724
7177
-8796
3516
18226
9090
4336
-14500
-76917
2447
-7044
30474
35294
39107
-7221
-4889
-2414
17107
-81394
-417
-17058
11905
-50332
9534
-39261
35480
-3553
395
43323
148
31911
7984
-11926
1934
-924
3095
-49963
-10576
13716
130
57807
33427
22337
5373
-80465
79156
-1081
7694
-78889
-77944
-4444
6564
-72790
72274
5084
-56873
8819
7189
-2942
-3135
46120
-6267
-7810
28191
-19183
-939
-1967
72340
-19411
230
59302
-47409
5982
33685
79602
-5797
49166
-26642
8346
-65801
28249
81687
56152
-489
15099
-3189
684
64084
80330
4659
-44245
7318
32049
-77618
-87074
1693
-32678
-7102
2669
-121
71661
145
7044
4810
55054
-85568
-9864
51320
39062
-63173
1636
20363
-26583
862
-35367
-81033
55865
-5431
-26226
-54926
-284
-3450
-1714
2956
6421
-7406
4226
6060
9531
-3191
-41270
77256
4819
-24277
-37732
49246
-39696
-81118
-18894
-9166
73211
63560
-29
39727
88572
71970
-31648
-4186
81133
-10296
58644
-578
-10678
-26767
-32507
7346
-905
25553
39825
-5574
10495
61324
-53989
8638
7233
70042
5885
-81434
36564
1305
4952
3940
23302
-4963
82863
-14412
-38646
-71356
18881
-6912
-14017
-74175
30687
-68056
12192
-9605
-39591
-85868
-48832
73356
-2250
57020
85310
49459
-6374
-23276
7848
70709
86150
-5711
-82859
-7834
-55767
1177
1382
-73115
18999
-59462
-60595
20034
87898
81833
1972
-9930
-27945
38272
63033
4644
-36294
76029
9468
43834
-7664
31
-5991
-10249
-55643
-41313
-8995
-42629
-285
13547
-1263
-16191
36565
-936
-17345
-4832
-77089
-29353
-33749
-7286
-831
-66162
-53171
76907
6596
68356
387
-4878
-11531
-25965
2298
-69131
20790
5239
10380
-11921
29097
7466
-51484
59028
9632
-11642
4571
3516
-63927
1713
-66459
60660
-2043
-48034
9012
-200
29408
12505
-44945
-81034
8833
14777
24567
1842
7905
1620
15189
2849
55943
-18841
-2693
74513
-6227
-31121
49551
73601
29821
-22867
-7285
739
4336
-5046
-242
9784
-78854
60529
-82077
-20365
75198
23852
87256
-58661
-27736
770
-61494
50288
5797
3687
-78140
56169
3511
-33340
32120
58760
25355
-5037
-51435
-21434
41953
-34780
-15621
7001
56620
-66026
-5594
13197
73790
13059
-18304
-25579
1012
-25327
-86718
-1326
626
3385
89219
-9531
-32245
-2373
15191
6753
14725
8881
-13075
-8896
-76333
69252
-5773
3232
-55097
6611
-8270
33157
7326
17584
89977
13372
8310
-3308
-1452
57371
-79086
42093
-5241
-47883
-571
5307
-55684
8607
-2731
4409
-5001
20013
-6764
-27226
50874
7061
22298
7156
-6557
63957
7088
-3916
5403
-76588
-980
7284
-12720
77797
6737
-2959
-25410
3546
57292
-27697
-13350
-111
-62677
-68453
82461
-8516
12759
2739
-622
-8428
41731
-5312
88700
27043
37480
-81350
7638
3250
-808
-4650
-48423
-9688
-2581
-4473
-9878
-64663
-2711
23688
62341
-18215
-13133
-9715
-33524
130
66202
-48654
15691
-9322
-8749
-9696
-1677
31869
-2467
-85
-82872
79908
37039
78604
44641
19362
8200
5606
-65624
-63425
5518
41698
8002
-4625
-79423
-30563
84700
54001
35560
-26600
80464
-2215
-5380
-4674
6811
-8206
50438
79935
1730
36769
80758
-6613
3164
-9716
5744
56470
12806
-67065
-3031
-40211
5696
-7277
-38396
1283
43898
-973
7789
9606
50651
-22476
47291
-9255
-87131
-73496
-68014
9210
-6815
46877
3260
48047
-83921
-11628
-1174
7731
65909
-421
82112
3840
-11489
38732
17926
47737
-5923
-14076
38565
-30133
-8488
879
-66719
7319
-65
-82576
27019
-63505
-480
89431
38219
51365
32338
69483
-87794
-66889
-8028
-84797
33803
52305
85445
-76702
-469
7002
-78201
-84905
-85511
-6853
4064
71908
48270
7270
54565
34197
926
81819
19460
-88064
52361
5690
-1498
-45041
46234
11116
-47088
-41783
49181
58010
-6542
80831
28665
79106
-4550
65315
5300
609
104
26703
3595
2913
68451
58261
-16658
-84765
-43127
-9775
-971
14644
87745
-20635
-1087
-5240
-53725
-3722
1671
-39878
-3186
-68227
-37554
-86714
-47324
-1056
-8928
54634
5123
53845
-9057
422
34222
8948
6028
66306
56061
-7529
-71855
-62220
77463
-4320
5773
-2083
63779
3351
-69538
-46903
41648
-81816
-9807
-13752
170
12405
1453
-2116
8123
-60901
61313
6271
-9719
19017
4727
76341
7105
7605
-2519
29471
-26381
14486
46115
8850
86878
-19373
60070
-57195
-9201
-38775
-31579
-32133
-34844
629
-8627
3742
-39339
3544
73346
-21646
-4272
15570
-1029
6751
1279
-75997
12540
-2609
45370
-8799
54430
55312
2724
84638
9814
8154
30752
70148
-43084
56618
28264
14423
4849
40952
3796
60073
4396
22320
48339
8472
-70590
57922
25444
88592
45182
33926
-2272
34409
59153
-4954
-9821
64333
3975
-64680
-49366
-20171
-7455
-5871
-49080
7345
-8551
38954
45737
-64268
-89698
-4114
-67586
8219
-79539
-85706
-81640
-667
8492
75142
-33161
-28339
24260
3926
-2395
-22
32516
-55792
-133
-9143
-5737
19636
-87756
-66833
-72593
15315
-10636
19968
-2552
41884
35792
-39787
53183
-9220
-7783
-32815
80052
51562
67001
2684
-9797
-74071
7347
32515
-478
-6657
44774
-6252
-3760
-6970
25108
20758
57961
-7908
6691
-76254
-1131
7764
-28496
18713
9001
-3717
89997
-81326
-71219
-23264
-4486
60602
3991
-37713
-61046
-43128
74194
-17105
8892
-31065
-44802
-7058
-1288
3505
-9032
45244
-2602
-29359
-7626
519
-3937
6463
-77057
-79055
8967
-54412
-72138
65222
-3573
37807
-27558
7076
59024
17902
-46703
30030
-23839
-56307
64922
-89249
88435
61409
-18843
1526
-8807
5552
796
5718
642
48725
17119
15936
-691
52811
-79427
33514
-3192
41810
6580
-42991
-62865
-16187
2709
61181
-1661
-7102
4060
-876
42598
-39941
-65037
34663
-51184
9893
8519
-43520
-71436
-228
24
-83732
-4662
-50627
-3011
-21426
66085
-7647
82484
-36083
-8854
-53738
67072
725
-87496
-40044
34653
44377
121
16698
69252
-1132
60685
-8815
51112
-75476
-1743
-46826
78787
6903
24385
-939
23462
57607
-11317
14827
6442
36256
-13907
-2401
27783
-29351
-65792
-28072
-9879
69155
1340
42291
-1816
-85784
-43715
-82452
-51452
-1181
-4418
71069
2563
-3259
3260
65748
9800
79345
-5050
29719
-1696
7470
25856
30176
-78285
4763
2859
74356
-28347
6987
-66073
-9970
-44902
43360
1862
53174
66438
-20647
-76834
51918
-2656
524
13282
-9462
-6161
-1228
-55981
-51668
61452
-34967
-70520
-55293
-19950
-6118
4660
-6989
7560
5897
75600
52694
1053
31988
-9396
-3741
-699
47403
42752
-24459
-76722
-58524
5967
5231
-65848
-77160
40022
-58000
6474
5786
-17351
-3313
4958
7516
9971
-378
-27137
-18626
78606
6201
190
-77172
-1842
41874
69757
-75646
-10186
-5124
-9851
3149
1292
15889
-72925
19368
1404
-22056
55216
-14702
5981
-46667
-66436
-8514
-1370
2278
-9526
80557
36845
86568
82421
-31808
-21326
8362
85140
5008
-61043
-2740
8631
6723
9192
-6795
71889
-50679
20521
-35550
88709
-42559
803
4186
4192
-9198
84269
-15723
-5002
-18443
-5434
1547
-15820
-13570
-85712
60023
-89709
-65611
55354
7706
-8396
23213
-11479
47902
-26644
42559
-36442
7924
-29567
-28021
50698
77121
9457
-42159
-68321
-34482
1325
5512
-3860
-39525
-16052
36318
40397
7963
-7953
-59404
1294
-22944
-27975
-28044
11262
-11404
59985
-27317
640
-55907
60874
61613
-4591
-8621
-19559
-1305
-82652
-79741
188
81633
3528
47967
-39863
63780
-470
3670
-46333
22676
-61701
69286
-3808
-61047
9387
88391
-5770
-7052
-74972
857
19404
76946
7560
-88630
37620
-41210
7061
-25874
-1500
-3653
-25835
6573
-8337
-4440
88859
48792
-36005
60931
-37469
17837
-72911
-71490
9696
79810
-727
-55859
46583
-71194
-24244
-1508
-80570
-3633
9903
50122
-1725
-6255
-4368
18323
80081
-76714
-82618
30190
-9941
8728
-33795
62031
-69029
5603
1475
-48884
-77778
32025
2343
-515
45443
61580
634
20083
-2369
78179
39184
-6014
1796
22855
73644
-78518
45925
4274
-30029
-59123
-4555
61727
3134
8349
423
-12489
-7095
7341
9190
-7361
1031
48293
4725
-4998
3227
69874
74459
26210
3194
-75583
-2333
7010
3954
5385
-87365
-4423
-26677
2624
-59665
16788
-37901
69044
-5963
-8039
-32571
-5059
-22524
3635
-83265
-1900
-680
42439
-28906
1583
47556
37123
-68271
24862
3303
-6583
-73659
4643
6977
-54323
-13674
7595
891
9010
-929
66116
8614
-29191
-17570
1212
81913
-33746
41781
23741
-1616
-71543
-56762
-74193
8643
2095
-3241
4206
-56564
-28893
54181
-51011
-3586
-9097
-28347
5129
-3505
-6499
8244
-3474
7402
2221
-27886
-59887
-1832
6358
73464
-31323
-65227
61747
-80727
4134
-36901
5729
-6439
78950
10679
5695
-17885
-3135
-58498
-5832
39895
-6275
51559
-81147
4260
-6060
-87169
-3340
-46459
-7529
-57990
-59468
29380
83198
-63836
-60711
-89518
13772
78584
81851
41869
-8044
2251
-3238
-4367
-27540
700
80080
-56862
-3642
5880
-51607
-665
24961
44814
16919
5069
-88683
-60974
71875
-67375
-5207
37483
7704
-32257
65750
39163
-44101
-12016
58624
50265
-14354
64994
43804
-6117
-9847
-1366
-3206
849
-2201
-9038
-31315
-4202
-85524
-36134
7141
77111
-26281
84529
5077
72913
-56487
-5469
88057
32952
1297
-821
-32120
6985
9276
305
33602
-2612
60803
-5833
34841
-14565
335
8978
-2616
75343
-73728
-72555
4245
-51063
-6143
-6406
42494
79964
25638
74090
-4874
-23245
71949
-32098
8500
73618
7532
-5007
9216
20342
-18414
3157
-24596
36526
8254
82944
-3731
46388
-68110
-5678
-483
-9210
-3531
15648
25235
-8416
-35325
2626
28127
-938
1428
57829
47208
6588
67170
527
8024
-82702
-18195
-10295
9485
-493
8818
30191
-688
-37370
-1778
54210
-9855
-17631
30755
15150
66646
69502
-1303
-715
-4540
-22779
-8011
79610
-43088
-2159
-81429
-61029
-17062
72221
21282
-290
-81561
-1691
-10325
-24056
44331
-6097
-21138
62405
-1823
-59517
-473
4969
56218
6114
14428
9596
-9862
24527
-14941
-4996
7864
64632
-75566
2269
-767
11820
-22276
62220
26086
48341
25483
-19482
49808
4387
46712
9914
-8484
73593
-86050
87748
22986
-20936
-52322
9102
3309
-6956
-7149
4137
-2596
-70731
-5513
41234
-54046
-14990
366
77100
-62237
7409
-5387
6083
6466
-41137
-16680
8486
-19647
-71978
-5387
-7432
44322
-59780
-60411
7662
-9165
-51593
-62772
-3040
-6255
42473
-68022
-40819
6909
-802
7965
-17455
-2158
84900
42153
-56900
14816
-1955
-42547
5085
-3806
-3362
50039
84
-58686
40770
-65697
-8256
41922
23754
7981
68448
457
72176
-29616
3541
5869
79198
50418
-43497
5590
-83856
6773
-3281
70317
4642
-41871
68418
-21303
-68878
-8958
-1876
-37058
10482
2442
-64359
13332
-70164
7727
-23297
66008
4355
87656
-68443
8941
9963
323
8459
4762
-73932
8462
8678
8417
-65313
-26978
43307
-48352
-51677
-21556
7203
14583
-8198
346
-32766
89230
-54578
-6931
-78775
62149
7421
45312
-9117
-80551
-36219
-34469
-44869
81371
-5968
82311
37115
1309
-5985
-42798
-61416
-2132
76184
74178
85084
4510
-65829
19956
33009
-50676
3436
-52433
41487
5397
-76503
-87328
9474
-8395
24176
54396
3762
761
7571
-2203
-826
38596
260
8978
8943
-4405
16338
89853
38693
22909
6242
1773
-9276
-43316
47829
39220
-14752
88590
-3275
82472
9576
2119
-3022
8259
-29684
86399
671
-10734
2637
894
-31914
-57893
57082
-39821
-166
25572
-17882
53762
544
68031
-13721
19623
-4691
-43043
22481
86959
-72466
-3252
35284
3065
17195
3971
-1979
29300
-237
5658
1615
1489
-87156
85474
-677
6641
69836
-4100
4608
1647
-6270
6254
-87981
31472
24212
1827
-3659
3394
3134
43620
6446
-47132
52762
16733
4111
-68450
82208
2834
990
-70809
-4256
15349
-88599
-6267
38285
87474
-22748
-67218
7029
87279
2013
-3194
-89796
8406
-4909
-83142
717
9099
-4406
39663
-1071
1025
69602
28870
71832
19258
855
1763
19212
-15905
-29839
18473
-60750
69569
73380
-50886
-1427
-2463
-6576
-5750
-643
81425
19588
56132
-4744
80903
-40562
51756
-247
-33796
26243
-80164
77637
65654
-58917
8866
10248
-15098
7184
-8065
-71503
41291
29067
39866
9764
-7697
9206
-80573
-31046
-4722
41629
23337
-55845
-23621
6466
58246
-70563
25733
-64967
-47836
14425
46756
-9895
7345
-58460
-2098
-87474
-47767
58710
60834
51969
18680
2441
-8459
6067
-107
-7550
16196
-6396
-72613
76777
7029
-7901
-17691
9333
5287
5184
4498
-86279
21264
19458
-4434
-7261
-423
11195
-32433
-33246
-31501
72591
56020
-62018
2494
-34578
-86110
-6706
20526
78825
3824
52945
-1817
-59861
31213
785
84660
40734
5573
1619
-3332
-77371
-43575
2343
-33170
-9785
47223
85324
-1439
-5860
18121
62298
-459
346
3526
-74944
-52660
-2041
9067
20435
46116
4772
-8482
-5909
-58604
-56662
-636
-69762
-48956
-86015
-4716
-1331
-67672
-987
17712
2910
3335
12489
-34303
31740
-6752
80089
35832
-1256
-86581
85487
10665
-77877
-35076
-3917
-72943
-4923
-32417
53348
41086
26982
19386
-43203
-1197
-13574
-3896
51298
74039
-46689
-1733
23360
14077
-6152
39700
62959
-86654
-805
-7944
-52910
-504
-65648
-21467
58599
-5279
22316
-59411
-9489
65586
-28459
-47697
-62881
-7578
887
-3590
27161
54306
-75281
51418
9909
924
18466
-7056
72976
34632
17235
-9146
-48389
-28154
82500
54005
-17712
-84340
-81821
59834
-2746
9678
-3477
78948
3970
-80723
8155
-59105
8792
-8445
4416
9423
75316
-9807
-74165
39346
51667
-67369
-56573
-7598
-5693
2698
8530
-41849
75943
-23610
-1929
60419
84589
-75710
79845
31831
-77019
27344
77924
-1473
-41202
-5238
-7030
-2388
-18792
50435
4302
19180
-9657
-62937
-86276
64421
3926
8075
25525
4720
77641
20232
734
-54976
-4550
493
28405
29074
-17245
26954
-7004
49940
1202
-46
83366
-50941
-156
-8355
42327
11791
6997
12556
44928
-2787
-9925
-165
37419
16979
-3673
-20968
-38999
-77591
-17331
-27735
3105
3301
38369
3923
-6183
59995
-55716
14685
-65161
-42788
-38235
-62098
-561
-3343
-6275
-45675
-4310
62379
-84257
37700
-6180
-47246
-2811
-36519
4401
-65710
6618
856
-51705
84124
-30308
1812
18659
-2522
-1402
1357
-74173
2086
-85378
-87086
67438
-121
-1185
44041
12161
6273
-3039
-4596
-6163
34477
-8284
2154
-1138
-75414
2424
-4588
18196
-9284
-7714
3504
37221
-24501
-14756
64583
-79698
-79504
-57299
-84817
-22372
-58500
89153
-36873
-2826
4907
24451
281
-7475
-53602
-9571
4671
-69170
8606
-72520
37549
5760
-8405
4503
26740
-43861
-7923
-42854
-8899
8278
-68494
-5711
-29427
9311
70099
838
82006
1923
-57153
15639
8571
8873
-75833
-3060
-9552
-8065
32148
52956
-8702
60596
-1515
-66929
-40073
6698
48322
60385
-54934
-74897
-543
-62257
1240
-16973
-78551
-57659
-56122
-9829
89846
31897
6839
83075
-43197
-9483
71428
3388
4652
85284
-31179
8090
-231
-60590
2879
-12043
-702
-31570
-10805
-6948
-7211
14364
-5829
-42127
-2650
-21352
34477
-63208
-6268
-3236
-9851
-13263
-28121
-80992
-18911
-3763
-4684
-87099
-29294
17914
2064
2363
154
77534
47081
-75783
10871
-703
-3570
83784
-6479
-564
7112
-37569
7354
59050
-2207
-11720
-7454
47597
-4189
55591
72575
38744
44008
-6988
-3276
-1428
53321
-8038
18452
-3174
-71986
-84394
-46734
5286
75482
-75058
41166
-1535
7106
1315
74088
-14233
-52799
1031
-85894
76698
36405
87417
6037
15634
-7174
-69409
-1854
-83816
9181
1265
-86004
-83103
34828
-49898
3576
-1145
-15129
7481
-74721
-27778
-2659
-35753
-6099
-6687
4097
9806
-12114
14778
32502
2248
-5439
-50052
539
-14606
43613
3392
-24166
-1865
-39901
8615
9477
-89843
53479
68953
29021
-12253
-28640
-1800
63101
-13504
-187
8589
-79418
-6029
-9861
-4045
-9965
-41578
48436
16721
-67382
-39058
-61425
74038
30936
-198
-27035
6022
-23805
84666
67125
-40804
-36733
-14749
-74460
-62466
3695
-32523
-3806
59931
57018
-45838
-6948
-76
-5082
-37743
-9798
-7790
65167
-6498
46889
20876
8043
-3779
9885
-5452
-29678
-46960
5367
-2271
1095
-65139
-9994
28683
-24636
-8052
41263
40993
-11734
6502
7084
1107
1650
83888
3177
13412
9464
8001
43983
53661
-2526
-9598
57632
-1635
33452
-3382
39278
-7782
13244
75860
45228
52428
-20315
5399
49835
151
8130
-141
7051
80698
-84576
33796
25088
16380
-16446
-453
35644
2122
-53497
-13590
479
337
-85511
-26043
75456
-28468
72195
2357
71623
6457
639
5589
-6362
3041
18634
84846
-8671
-88452
3486
28236
-4657
4295
-796
-9612
-7647
8760
-73176
755
8448
-60757
-29830
-37197
4606
39086
-62105
-85881
-4915
-35659
-49836
5301
8557
-42815
-83674
-427
34326
29019
854
-4304
7497
6673
-667
-2656
-5302
-7865
47695
11648
45721
32811
-68269
-64922
9211
46385
6709
-3529
55539
-8047
66694
-17700
3977
-542
60523
-32806
58562
-28903
63455
-7285
-9342
33927
-41611
-1489
-54789
-39155
-8104
-42232
284
-2644
-2831
9708
3807
-25243
28132
46629
2927
5761
-79
-83747
-57400
84525
80862
-3315
-32338
7054
-67959
-75
-24945
62110
-3076
76847
-31979
-1796
-55993
53497
-87621
51435
-33249
42738
17004
78016
8130
73269
-4250
7601
-18766
-23141
-84986
1362
-2332
8425
-75657
60711
19402
37048
-25162
86660
628
87171
-88332
-62268
-9784
64626
31192
56127
-89154
440
83852
64133
37793
51956
3171
-14457
-55987
3972
60295
-48838
182
-697
-84769
24956
-19806
57839
4623
2410
45506
-6767
15765
-74080
48287
73208
54152
77514
-49862
-1883
-638
5816
-2898
-51669
7415
3392
-7126
-22294
-19537
53951
33520
-11734
-17344
8982
-5819
2409
-875
5617
-62
-78587
-24497
1200
-24440
70860
73991
-42684
75642
70285
9644
30784
-4589
25173
-38015
-9343
82054
-4273
33434
88518
-3695
2559
4286
-74596
14136
851
7989
-1181
12189
-3573
-8394
84735
5890
81307
6709
-40177
21514
-68667
-57908
-43771
-6160
9936
-9870
-35654
2604
-49380
3348
10745
-46937
-59766
-34891
916
-8656
-37647
-14699
-26613
9735
-5831
-5593
-69272
-69082
5644
-31523
3202
-62674
-6817
33365
80175
38764
-70809
-35134
-62997
7544
83195
-72723
-79115
-58029
-9821
1013
8964
-7589
59573
27542
44979
-63787
44723
-7405
1402
-6951
-26617
16822
-18037
-5944
8224
118
-9332
-76624
10327
-3468
-53305
5648
1610
-73957
10433
-6670
-20037
32118
-63635
47387
-60461
69229
-75574
-22395
-24117
87383
-64301
-89801
-30831
61172
9261
-720
-52622
-34996
-9355
-758
23923
-2126
-6923
-44518
-6328
19916
518
-1427
4106
-30649
6318
-54146
6438
-50626
-71996
336
-18856
-65372
77579
-468
37354
33060
77497
72217
-8817
-65750
-1645
36617
-3146
-7930
-70781
1930
76457
-9108
-74102
4524
45338
-43486
8739
-68886
-3265
9933
-46784
-2626
-956
-388
43001
-4779
-73003
-414
8729
8349
70694
-9968
7295
-89796
75071
-74524
-29028
59399
51601
-9235
42271
7611
-32036
-17123
-9576
-77798
9357
-38567
-13165
5827
3320
-8056
-56113
-37725
-6289
45858
-7864
22149
-61063
27894
27900
20153
70872
-10719
88367
-2285
-29534
-66941
14767
378
-60381
-69278
-1367
29902
-9970
-42591
-25615
-750
9239
-88471
-1487
-2610
15433
358
2511
53540
69171
-9614
-3036
-4811
-26989
32478
4798
-2369
18208
-73079
-79616
8988
68069
21648
-56799
76419
-6729
7946
36897
-2588
-28597
-1154
7596
-2324
4996
68827
-222
1274
5254
66757
1317
7901
-9284
56897
-5680
-14961
57145
-13708
55114
24778
10957
-89978
34503
71936
1750
87826
2462
-24672
32233
-37300
6181
16460
9351
6124
-10159
8893
-115
-50419
-1741
-6509
-5560
4034
-23588
75336
-9556
-5613
65731
12032
-8342
58978
71552
5827
-47236
5479
42436
-43757
59403
-46673
-43956
-25224
-17397
81060
-73963
-6690
35131
74203
5761
16029
-1987
9996
-61
-8496
-2364
-85
-72643
-747
979
3561
8267
3295
-15856
65191
-20075
33574
-21330
41493
-29419
-7132
-2453
-3271
-1305
-84912
15594
-8600
-8166
-79236
43543
-35133
53820
-65642
2476
9557
-71909
-72972
72852
53216
-1991
-2325
-52357
11013
-162
64344
72529
5456
5145
4816
25302
50651
16868
8189
21258
7001
73651
1986
4273
-1023
-45520
-934
976
-5378
7611
-38123
-6978
4423
-76563
-26519
-6778
-61271
-66264
7015
38789
-75882
-73093
1231
67948
-80716
-69522
-281
731
32843
-7861
-6651
-76945
-16950
-65023
-21829
-75778
-24233
25860
-18905
6521
-89929
54768
-31251
8847
9962
1527
811
-1197
-2702
3961
-2067
85630
71286
12521
-656
71229
-33066
-58875
-9459
22943
4345
-4491
34791
-3641
5992
-7934
14546
1087
55654
3483
-4722
-2048
1152
2733
84836
49298
-83396
-37524
-7936
3679
-41236
-3769
-70927
4884
-3824
85929
-6600
3790
-2619
7403
21592
-18990
7302
47345
-1923
-8262
-48545
-8288
-7003
35287
-1188
-3157
-81953
-2038
-6791
2826
-70214
-6766
-3971
-10263
6145
5875
79848
9259
-378
64430
-5251
-3617
85336
56463
-3339
2572
79417
16064
67683
38383
-1995
18510
68381
-1828
74864
1949
11094
7695
38810
33061
250
-28107
19730
-85482
4573
17952
-24961
-38344
-2379
-123
-6670
4499
31356
-65643
-37875
-3146
-61099
-40155
65081
1582
-8009
45151
-1363
16562
31449
72347
77044
-55879
75940
36849
6800
430
-73235
3994
-9825
-30254
8938
-26304
-39261
-3036
34529
658
-1322
-89675
-9511
64746
19747
-89767
88618
-7994
88120
66971
292
-68975
-540
86742
8639
-4144
6173
-36946
-5635
-56314
-55727
79547
7477
6271
6004
64678
-3996
-7663
869
-14515
85698
-64152
48025
-7491
-40573
-4104
-71149
42370
-72618
-76568
914
-76591
58445
1353
37801
-8571
-20720
66132
-70328
32870
2754
-14899
13917
-9879
5671
-32875
75271
58653
-77595
40288
-7961
-37160
-60989
7254
54738
627
17779
-82044
-1005
11318
-46658
900
1211
-9175
-59006
57640
1801
12927
22576
-3179
-40295
5535
2190
76806
-885
86474
7871
-930
4261
9315
-4711
71526
-37464
-51477
23415
76521
4142
-772
-51369
-4179
-63949
-9837
18640
-6546
82422
69004
-73696
73833
4002
-1315
-86316
2668
-6322
88454
70522
2452
-8207
-9204
-1455
62639
7272
15777
-64653
-3602
-5144
29
3629
86495
-50560
-52159
-183
-4014
7024
-9829
30958
-44581
73716
5893
-7487
2879
-58256
-24831
-4991
-69004
33049
-14633
74803
-2991
8175
47196
27643
77393
76435
-50448
-37444
6265
-21914
-22837
85180
-38043
-66751
-23639
85822
2559
77649
-78976
4994
-4256
81323
21847
-22298
-23267
3697
204
-6717
82936
2440
85657
79226
76618
-10349
8018
9851
-7713
-3559
-42729
-2152
-39945
30122
43629
-49092
-30868
-77727
4669
-5145
-49530
1442
-57611
4008
21123
-8402
61959
-5468
-23855
-75090
24829
20144
-8063
-7480
60568
71307
-48054
-44215
56743
-612
87753
672
-77102
85834
-58685
4649
4182
-23525
63616
35710
-35831
84470
-4259
-5205
79834
36776
76131
62258
-62468
-710
15046
8630
83189
491
76563
-66431
-47073
53728
87196
-8815
-289
-5141
-6971
-288
52630
77316
6082
-48942
-52317
62816
57892
37274
-6449
54236
-7938
74398
-25908
42797
-7462
-11641
-72090
-81629
77459
-234
-22227
57003
278
19521
6640
35833
-2750
658
89774
-61470
-9700
-43163
67623
71937
69304
17104
13774
65311
29372
47783
-7726
5509
69099
-19838
2030
-82543
74434
-435
1752
24069
-76205
42545
9254
35976
-8916
-81256
74553
-50339
-7921
-59964
-89429
-66584
7396
25065
66760
-28814
40845
-76046
-82426
61925
46572
9279
-57728
-6119
-3606
7317
-2676
63779
72657
55756
-63760
-5840
-1338
27046
7521
-3916
-2558
-54903
-111
-9404
-2656
-11276
11
9872
-69304
-65263
51310
7675
-32699
-9099
-54846
4377
37245
-930
5708
606
7387
19826
81735
58218
-4587
-81006
7972
-3108
58218
8061
178
-42123
-286
117
-16156
499
-10065
-9671
-39102
74700
9522
82070
8538
-47064
-3048
3891
8399
-41132
8086
41867
44866
-2861
7368
908
7646
-22122
-50282
4793
3106
4721
8059
56182
12853
-3871
-60978
-40470
-68168
5194
-79100
-87870
-6575
88169
-58113
-80448
-33991
-6049
46731
-64609
-5224
-45302
-27089
-29438
36447
1346
78114
30253
-32745
4712
-31700
77902
-21557
-27790
8937
28353
-18506
8823
-4508
2413
-2955
-9006
-37407
-88308
-26027
177
-50951
-7798
-31700
-16152
3640
18002
80813
-27518
-68276
42524
32444
7676
46601
5013
-48137
-35348
691
64735
7103
86770
-44690
-6180
-40838
5610
80903
23820
65182
-8121
7016
-57775
9853
62047
7133
9064
-207
-5810
-6124
-9241
-16623
-3035
-34144
-12648
4881
-29061
22610
37720
87130
5641
75964
-10756
3905
1440
-33757
77726
-47400
-56983
23863
274
75264
-20780
-63626
-24469
-82833
-53467
-85859
37963
-4535
9740
-53210
82668
1076
-7502
-40327
-882
1496
-74
8192
-15412
46026
8889
-4168
60897
2412
-86281
-13071
2853
-83664
4833
46996
-7184
6684
4551
-34990
70099
-4676
30107
5044
53280
30314
2430
51435
3144
-84651
-2408
-6840
69281
-7481
46535
6110
49517
-48857
1353
-41580
19978
-65001
29339
-41875
-61052
13527
-49527
-60945
5566
-8620
-51841
-6153
8022
5222
-59753
7438
-53952
22863
18505
-504
-8005
-34264
18532
1494
-24424
-4653
-31076
-26538
-6686
-5657
-47753
-67590
-71825
77491
-66926
71456
12626
-22218
87106
-55884
55535
-4384
-7150
-9962
54728
-77826
-4885
5695
7150
-647
-19643
-7741
68324
-55567
15153
50369
-56436
-24269
-6921
5054
-68121
-66951
79814
-34884
87754
-6360
40924
-9536
1317
-398
-4425
13482
-6850
-26345
21896
17224
4314
-12484
2867
72543
-1169
43000
-1442
32932
-76842
14562
59681
2590
43871
3423
-16408
6367
5585
27754
4328
-8868
2974
7678
3162
64813
634
6432
77680
46544
-4567
5218
22914
3089
-67411
56375
66549
-3828
-11970
44732
-3613
-79822
76332
38977
4488
3788
-9971
712
-8525
53393
-8393
81522
80726
-50502
315
64762
-3203
87602
6328
24468
-59806
88900
-48160
1104
-52067
-9873
-76222
57811
9980
9514
-75241
6444
24898
-7915
8902
1049
-34963
-4372
67
46552
9135
1705
-1663
-3829
71859
88710
68102
-9495
-188
-62549
-31476
-72566
4074
5084
7731
-2136
-1745
-2452
65716
7725
88194
43691
-1390
16322
-67262
68053
78494
-5379
21338
82484
-84356
-9634
-71727
-4718
82662
5150
-9334
-3665
969
2516
29359
6510
-9832
-6266
-4311
-31422
8055
-67163
-3464
22528
-18514
3888
5193
-66150
86452
-7437
-5726
30878
-57144
64384
-174
-82765
59671
-2836
41192
-59301
20586
49250
58833
-15100
-69538
84801
25033
-20984
-742
-6185
-1990
62647
1322
4308
2447
20412
-67893
3989
-64424
60185
-83973
-38995
-6756
407
64014
40043
-4116
-2776
-56064
-70837
-23708
-17544
5556
72011
-89391
-22965
-58577
-853
6633
-86369
-17077
67140
89455
-2910
-786
22475
70884
-20313
51910
21998
-78095
-4812
24140
7270
80111
-85697
-47608
-41475
-64301
-9466
-47492
78684
7394
-17043
13435
-3160
-89172
