1 10
90 103
9 24
248 271
59 76
201 231
304 334
339 351
196 220
16 26
90 99
15 43
301 312
195 211
130 146
106 136
53 82
323 331
266 277
5 14
22 44
50 63
21 40
239 253
54 84
292 299
343 364
63 75
290 305
234 257
37 61
35 52
262 280
179 197
86 116
208 237
155 178
163 186
12 34
208 218
130 140
58 84
1 17
120 128
293 320
278 286
178 195
85 111
167 192
318 329
47 60
11 21
229 245
260 282
63 83
151 177
291 304
264 281
128 149
316 328
8 37
271 278
307 319
318 330
76 103
84 104
102 131
184 211
2 25
106 135
177 195
16 43
164 182
272 296
225 240
111 133
179 206
24 48
212 227
179 195
231 260
117 143
1 14
44 54
204 212
291 319
255 281
322 340
55 77
186 200
33 47
50 58
256 282
336 347
98 123
233 251
160 168
135 164
5 35
212 234
107 123
27 46
167 190
219 244
245 253
56 70
35 65
45 67
101 130
93 120
123 135
233 263
131 150
245 268
208 217
171 186
303 312
63 72
129 137
124 144
22 30
39 48
311 326
319 340
284 292
247 275
150 172
355 363
146 164
84 113
203 227
249 265
215 231
142 162
181 198
302 329
224 235
235 244
254 264
79 90
14 44
33 46
22 39
217 245
50 79
134 153
201 211
293 311
163 171
261 277
124 148
352 362
292 302
190 207
271 294
325 337
329 358
321 347
70 79
41 60
47 56
137 155
339 359
245 271
312 332
172 190
38 62
71 90
316 324
211 241
148 174
5 12
168 176
212 222
272 292
16 37
308 335
326 345
186 204
130 153
87 103
217 239
327 345
16 29
27 36
232 251
345 365
87 109
319 334
150 175
9 28
136 156
249 265
217 247
18 25
125 141
56 83
203 230
53 81
17 47
270 280
287 303
33 62
54 74
355 364
119 130
201 217
325 341
312 339
4 12
178 207
90 118
101 119
140 152
3 33
112 120
64 85
123 139
73 97
159 172
17 30
291 306
254 263
76 104
103 119
285 311
236 245
159 183
328 348
276 295
252 278
68 87
287 315
349 365
37 48
154 169
7 31
230 248
52 67
168 194
159 181
271 285
275 302
56 75
292 317
336 356
10 27
254 267
155 168
123 133
322 332
233 256
96 124
317 337
247 269
145 172
200 210
156 166
147 177
45 60
211 240
208 219
248 261
319 333
9 23
1 27
296 326
6 28
2 22
5 12
99 128
72 88
201 215
255 278
243 263
101 118
134 158
30 59
341 358
38 45
53 65
263 271
159 183
39 65
350 359
73 92
307 321
167 189
30 50
220 233
94 114
173 182
110 129
117 143
129 143
108 131
292 322
313 332
170 186
232 254
356 365
136 150
39 46
329 356
39 68
306 323
153 178
84 112
338 360
132 143
155 167
229 253
158 167
245 261
85 105
335 354
237 261
153 175
324 334
204 228
275 284
326 345
68 93
292 303
275 288
177 206
321 338
296 314
160 176
174 199
141 153
58 85
146 156
322 347
242 268
78 91
149 163
89 98
293 316
30 57
57 86
48 58
1 12
346 364
1 8
356 363
132 157
112 125
325 354
302 310
232 243
1 8
93 122
195 222
217 224
137 147
265 288
130 145
195 223
332 356
135 161
200 225
322 336
225 243
320 345
127 154
256 267
175 194
341 353
195 213
142 157
148 162
57 80
146 157
113 126
99 108
73 98
1 11
1 21
61 70
185 207
93 123
213 238
96 123
63 88
202 220
51 73
224 250
243 257
49 58
25 40
282 307
72 98
15 36
327 355
354 364
107 115
237 262
118 135
262 288
301 311
354 362
74 97
175 184
116 123
60 89
302 323
174 197
18 47
242 263
134 163
175 182
294 303
262 286
1 22
13 21
297 316
17 32
83 91
143 158
186 211
151 160
90 117
21 28
131 151
75 84
347 361
1 12
88 105
117 130
102 124
322 341
299 325
153 168
283 294
74 94
162 179
204 225
175 203
85 93
167 182
68 75
34 60
131 161
216 243
112 125
266 284
256 268
64 87
274 303
36 65
196 216
237 262
76 104
256 269
253 278
96 110
95 117
207 221
298 311
170 177
84 110
346 360
342 355
124 145
96 111
231 249
24 38
173 185
155 163
316 341
158 185
230 241
12 41
121 137
82 90
28 38
126 140
99 108
280 292
176 193
183 211
344 361
25 38
314 338
176 191
308 318
268 287
153 173
50 72
240 250
211 226
137 162
273 287
9 29
27 35
186 216
333 363
110 119
241 252
306 329
300 330
213 243
101 119
342 359
193 207
14 24
140 150
203 219
200 227
220 236
209 230
69 93
83 92
200 213
45 57
318 344
227 242
34 50
64 75
97 120
328 345
218 234
59 82
349 365
171 198
140 154
183 201
317 339
217 241
98 122
340 362
67 81
40 65
61 88
42 59
53 63
274 286
219 246
263 293
241 252
41 50
264 279
129 148
151 169
197 210
32 46
212 240
92 107
157 170
156 183
197 223
261 272
347 357
110 120
235 248
290 319
342 358
80 92
102 112
124 143
271 288
340 365
125 146
279 295
87 100
325 337
1 9
72 88
64 91
111 124
178 206
151 169
154 178
167 175
202 218
60 75
23 45
281 311
51 66
154 168
105 130
150 164
241 258
162 175
1 16
147 164
356 365
238 246
9 21
59 74
43 58
348 358
26 36
298 315
269 290
101 114
44 70
286 298
166 178
327 343
201 216
14 41
15 36
341 358
155 175
266 293
37 58
174 182
218 225
250 276
162 185
146 176
15 24
23 30
5 21
68 93
1 28
28 53
45 52
78 100
38 49
46 66
277 286
194 211
186 215
1 13
51 66
12 42
130 158
56 81
227 250
110 130
353 361
298 306
233 247
57 74
181 193
193 200
128 147
92 108
227 234
294 307
30 53
89 102
197 208
290 307
245 258
211 235
220 244
1 11
275 284
295 305
228 252
342 365
34 51
158 171
185 206
231 252
49 63
194 212
66 91
110 123
138 159
140 158
222 250
201 215
42 51
305 316
229 243
107 136
152 165
14 32
159 188
46 57
284 305
41 63
262 278
348 360
71 92
138 149
349 358
229 250
106 118
279 299
344 360
162 169
335 364
253 275
81 101
111 127
28 56
1 11
144 162
219 231
1 26
31 50
182 194
262 287
19 34
274 291
47 56
82 91
12 36
145 158
340 364
24 43
285 302
76 96
181 192
175 182
26 35
191 199
203 232
31 39
120 136
159 183
206 218
164 171
350 359
317 326
106 119
307 334
244 271
288 302
275 289
225 252
88 97
70 94
117 126
305 312
183 200
339 354
147 155
147 167
171 198
76 100
126 148
245 256
231 256
263 275
121 136
127 154
42 64
229 239
23 49
344 361
301 331
290 299
76 102
1 9
320 346
291 309
278 305
290 311
43 55
170 185
86 103
78 89
43 70
97 116
55 65
170 199
161 187
1 30
93 105
270 277
60 71
221 240
98 106
327 338
180 200
306 325
335 359
296 319
295 309
92 113
289 307
159 182
172 186
217 228
139 164
137 150
139 163
262 292
46 64
307 331
282 293
86 97
154 174
177 192
330 351
323 352
265 276
67 76
164 188
227 256
271 284
298 307
172 195
295 322
28 42
217 234
295 323
164 186
19 30
303 315
103 125
298 308
121 131
298 309
1 10
299 307
345 359
297 305
126 144
1 10
10 40
2 31
5 12
288 314
323 341
312 321
219 241
81 89
74 92
251 279
242 271
83 110
82 112
45 68
276 297
76 105
271 290
75 86
85 115
186 215
228 245
13 28
333 360
269 294
323 332
181 211
108 128
163 186
206 218
21 30
1 29
2 27
112 125
250 269
135 145
151 168
312 321
352 360
258 281
279 303
260 288
168 177
194 220
211 218
167 188
227 244
199 208
100 107
258 276
134 151
70 83
245 263
328 337
129 139
19 31
1 9
348 358
198 216
95 111
293 318
275 284
133 152
316 343
270 283
353 363
1 23
303 333
140 166
347 361
260 286
170 180
78 108
317 328
273 291
41 65
37 60
37 51
259 279
85 107
354 364
144 166
111 124
292 300
297 313
85 115
93 119
167 197
1 26
1 13
263 278
255 283
40 50
93 101
36 49
326 350
298 310
290 298
85 104
353 365
66 90
321 344
272 293
80 102
113 132
97 112
242 265
180 190
266 279
183 204
1 13
350 363
304 322
1 15
33 52
284 295
129 147
70 98
11 32
23 36
330 346
122 137
72 97
17 37
202 227
114 125
190 216
289 306
148 160
336 353
329 338
208 217
63 77
127 139
218 233
25 38
1 8
41 70
292 302
326 333
1 9
85 92
56 70
104 132
60 83
152 178
32 62
285 294
269 290
288 295
55 81
191 212
28 47
138 163
258 275
309 322
319 349
1 20
32 43
92 122
270 299
142 169
228 236
272 289
284 292
261 269
1 19
217 233
104 125
102 121
247 277
308 319
242 254
290 297
283 292
173 199
24 52
307 321
148 176
107 115
80 110
172 198
50 65
69 90
3 10
91 119
353 361
182 203
131 152
37 52
29 55
105 121
325 333
80 109
350 361
301 315
277 287
251 268
188 211
186 199
155 169
308 332
346 365
191 203
155 170
1 14
186 198
65 74
193 213
39 51
138 148
162 179
24 39
308 318
146 165
1 26
1 8
34 57
216 245
282 297
213 235
354 364
12 22
48 69
327 348
44 54
234 246
299 314
14 39
41 54
137 146
263 281
105 129
22 43
151 162
336 346
173 183
211 227
92 111
304 325
35 48
344 360
332 356
58 71
302 323
235 260
42 65
239 250
285 304
37 60
33 42
118 141
248 260
327 339
184 211
42 53
282 301
133 155
127 155
133 151
296 321
150 164
207 218
279 306
246 256
95 109
202 209
62 72
330 344
266 287
262 280
35 43
293 317
346 359
267 294
345 356
209 216
207 232
307 321
318 334
354 362
253 266
176 205
106 122
259 289
165 173
57 75
253 265
198 211
290 304
355 363
39 48
314 338
325 333
61 91
119 133
259 271
9 18
175 187
13 25
298 316
176 184
331 357
99 120
303 329
277 292
79 95
215 233
330 339
249 277
262 278
256 268
8 27
31 43
139 168
262 280
331 355
219 229
338 364
264 279
35 51
28 48
128 141
131 145
42 52
287 296
208 217
277 288
9 24
166 192
1 8
10 38
194 204
199 219
1 10
230 246
31 59
184 205
317 339
333 358
236 266
275 283
245 270
234 254
333 350
325 339
159 187
356 363
170 183
120 134
240 266
145 173
82 106
105 116
183 212
50 74
206 234
233 243
19 45
200 222
208 228
245 268
29 58
85 111
1 15
45 61
315 345
169 193
319 327
306 313
205 235
330 348
329 337
254 283
105 135
258 275
44 53
114 141
86 112
212 233
1 26
209 217
219 242
198 210
13 37
264 293
234 242
166 176
299 318
44 61
150 173
276 298
19 32
66 89
1 12
174 184
294 302
88 115
4 22
199 217
32 39
240 263
1 16
263 278
184 206
171 181
8 19
176 191
215 245
65 90
340 354
144 156
106 115
42 64
6 28
1 10
126 140
120 137
37 62
159 168
239 263
200 215
302 331
52 81
148 156
70 98
293 312
123 145
277 293
123 148
133 147
271 292
314 324
61 68
35 45
78 98
40 47
218 225
1 8
213 226
53 78
340 358
117 138
90 109
43 50
279 302
314 344
335 361
239 259
47 71
245 256
229 254
242 261
106 119
182 205
58 82
146 159
336 346
79 102
207 237
44 60
289 296
228 249
257 279
265 279
123 142
81 107
303 318
56 64
180 195
207 231
168 182
67 76
345 361
147 161
88 98
309 321
76 84
224 245
286 300
40 57
310 340
37 57
208 238
120 139
1 13
234 245
257 275
1 21
183 205
184 196
36 52
102 116
36 55
355 364
8 34
346 360
286 298
312 326
73 93
253 276
21 43
163 174
73 88
321 333
217 237
77 104
285 295
212 219
333 344
128 141
303 314
199 217
341 355
243 265
119 126
108 121
1 15
227 255
87 95
339 355
215 243
329 341
207 236
114 133
304 328
116 142
82 105
200 230
236 256
16 32
168 196
109 129
279 298
1 25
84 92
160 174
75 89
251 272
169 186
210 238
94 120
184 191
65 75
314 333
270 291
286 295
252 266
339 358
305 325
121 146
286 309
12 21
347 363
13 39
245 275
163 188
178 197
142 169
317 345
150 159
88 116
266 286
22 33
311 330
159 176
201 230
17 47
178 201
28 47
280 293
181 193
48 56
120 145
1 9
211 225
177 192
86 113
112 131
327 339
102 122
299 311
224 253
248 260
242 253
63 73
123 144
322 345
294 303
153 161
150 166
321 341
291 314
192 211
333 346
103 132
241 264
189 198
192 202
49 71
241 249
23 37
197 227
289 307
295 312
299 312
243 267
250 257
108 127
183 205
351 365
62 82
329 354
47 55
104 128
253 261
252 279
64 92
291 319
129 146
330 338
131 150
168 190
239 264
338 362
341 365
234 244
246 263
117 130
300 311
248 267
64 92
311 336
114 133
132 159
132 153
355 363
215 238
188 200
139 151
327 356
321 345
82 106
154 163
64 85
278 289
68 77
134 142
273 295
62 81
187 213
52 63
259 277
233 241
77 85
126 134
266 275
266 293
281 306
48 75
196 206
121 134
257 264
83 104
245 272
318 333
255 276
200 219
334 360
340 359
1 30
301 311
109 116
314 329
338 360
65 84
245 257
62 84
117 130
189 205
201 225
83 108
12 23
212 242
15 44
173 192
304 319
240 269
109 139
337 356
347 362
185 192
121 148
43 72
269 281
39 47
207 222
1 15
265 291
116 129
232 240
166 183
5 24
128 139
122 129
26 36
29 59
197 226
110 128
277 293
33 48
266 274
328 346
88 100
319 347
177 185
293 316
148 178
252 270
215 231
313 343
270 281
63 83
239 250
351 359
20 28
289 305
106 134
33 44
104 119
279 300
145 167
351 359
310 328
272 290
201 222
45 75
338 358
230 258
136 154
56 66
174 184
209 227
248 261
56 68
161 168
307 331
289 305
168 183
222 247
345 362
71 97
280 307
98 118
232 246
24 54
265 275
277 299
356 364
261 281
36 47
243 270
284 308
204 228
195 225
5 22
350 365
22 35
163 172
80 97
44 73
60 90
132 151
212 241
173 196
255 270
299 329
286 305
148 165
116 143
122 142
114 131
27 48
86 96
165 195
95 105
234 243
244 260
253 261
318 328
5 14
184 191
275 290
99 108
299 327
97 111
155 179
261 283
164 173
230 253
179 204
227 253
90 98
68 77
342 362
57 82
98 116
5 24
153 160
146 162
31 46
196 213
208 237
339 364
3 16
324 333
156 183
74 104
293 314
277 307
140 168
177 200
323 345
179 205
66 81
87 116
1 18
66 73
224 232
76 90
30 42
120 145
144 164
323 346
116 146
76 87
321 339
289 306
170 186
342 359
43 71
147 168
132 161
151 172
231 258
240 258
350 362
46 70
190 200
188 216
335 365
231 246
12 37
212 229
77 89
264 272
26 49
280 302
1 17
145 160
47 56
213 224
112 131
8 27
23 45
335 358
174 192
198 205
333 354
328 358
323 349
198 228
315 327
87 107
159 182
277 290
16 33
334 348
120 150
135 155
1 30
109 119
303 331
204 218
110 119
335 355
117 127
50 68
190 205
46 75
296 324
136 155
320 349
215 231
137 147
317 338
159 175
42 62
158 178
30 50
214 232
284 304
113 129
65 90
346 361
161 185
165 183
350 362
79 107
339 355
124 140
187 207
67 78
52 59
156 164
269 295
111 136
24 35
236 258
334 343
178 195
41 53
223 247
1 20
220 240
311 325
1 15
163 174
98 128
213 233
171 178
288 299
161 183
164 172
51 60
226 241
298 321
334 349
172 200
170 191
242 263
117 138
40 66
177 185
105 128
171 190
7 37
136 153
29 53
62 84
34 49
147 168
71 80
67 86
45 58
185 202
271 291
270 286
105 130
190 202
151 181
177 192
356 363
213 220
218 236
117 135
306 318
72 88
63 76
170 183
151 162
264 286
1 10
259 273
276 302
9 20
120 132
184 210
49 63
267 291
149 158
274 292
304 331
44 62
17 25
314 336
295 305
297 314
332 357
218 232
54 63
316 346
49 60
81 106
106 133
36 65
342 360
1 12
125 151
311 329
269 286
258 267
27 55
289 299
171 195
195 221
241 252
164 171
147 162
144 151
35 44
298 327
37 51
87 105
314 337
117 135
78 91
278 288
132 154
270 299
238 262
113 121
89 108
205 213
110 119
1 22
344 359
138 146
132 158
332 360
28 57
194 220
153 164
253 261
17 42
78 95
222 236
238 262
45 57
166 187
192 209
231 243
159 189
286 301
278 303
1 13
148 158
1 27
209 232
168 184
256 265
190 211
233 243
137 153
115 142
11 29
341 354
295 314
346 364
39 53
280 298
209 225
128 158
176 191
56 85
120 150
262 270
53 80
184 193
263 285
233 256
322 342
310 335
34 42
1 11
91 121
73 101
306 322
248 276
119 147
14 22
83 99
80 103
324 334
143 167
345 362
215 244
158 170
320 336
232 251
305 315
303 331
108 138
338 364
16 39
248 262
211 235
140 162
106 136
326 346
94 122
44 53
106 136
1 8
6 22
158 167
300 325
116 139
275 295
93 100
276 300
250 274
161 170
200 225
33 51
1 25
92 101
131 149
207 219
199 224
252 275
199 219
159 182
304 323
9 30
184 200
265 280
44 58
206 229
185 214
77 103
56 65
251 260
246 261
198 208
107 131
39 47
61 78
298 308
325 338
312 324
212 225
222 237
1 27
108 138
210 233
76 102
210 220
296 311
192 211
215 241
177 206
355 364
354 364
239 269
143 173
268 297
222 249
321 339
241 253
123 136
339 365
78 96
210 235
18 44
295 315
30 58
101 127
27 57
214 228
268 291
80 101
44 59
344 365
75 83
297 312
208 216
232 261
113 123
160 173
160 177
217 229
84 111
339 358
162 174
28 37
240 250
197 212
300 321
59 84
75 101
59 86
230 260
62 69
92 103
276 298
48 70
27 51
85 111
264 293
13 24
349 360
66 91
124 154
36 51
22 32
319 327
265 275
171 186
280 291
246 260
67 89
126 146
154 183
2 14
253 280
14 23
196 203
113 125
181 208
34 56
204 224
235 259
85 108
89 118
186 195
180 187
203 210
182 212
223 250
356 365
340 355
260 275
166 186
285 297
48 70
221 239
44 66
138 147
219 246
6 22
286 297
175 200
53 64
46 64
70 91
277 297
153 179
36 66
23 42
10 38
266 274
328 358
23 35
32 48
50 71
171 179
12 38
270 292
37 54
1 31
1 15
1 13
254 279
175 201
204 211
293 319
63 77
306 319
6 33
159 169
170 184
73 100
31 43
77 96
33 51
280 299
328 340
28 56
202 213
222 233
90 113
337 357
281 288
201 218
355 364
217 226
355 364
44 68
188 201
6 33
38 56
337 357
300 324
231 240
21 39
32 62
80 105
342 363
188 202
71 81
306 319
82 109
350 361
216 228
174 185
37 63
108 130
316 343
156 169
115 122
177 187
238 268
98 116
228 250
15 26
228 254
131 149
1 10
204 219
313 333
162 174
291 320
191 217
293 310
347 364
1 21
3 19
7 24
312 334
114 138
11 36
125 135
6 26
327 342
1 14
316 337
1 13
268 281
46 73
313 334
289 300
15 37
200 213
244 256
262 277
195 210
102 131
161 184
18 33
327 348
22 46
67 87
185 208
292 305
1 18
95 116
356 365
76 97
342 360
330 337
162 180
352 364
11 29
36 47
298 312
218 230
1 16
129 143
297 326
1 23
216 238
175 192
314 329
42 54
331 348
236 253
205 232
100 115
177 194
348 358
208 219
293 318
230 256
271 287
324 334
66 84
270 288
164 194
286 296
258 270
268 275
278 302
189 200
118 143
311 325
306 333
109 134
161 188
330 341
33 53
8 23
11 19
311 334
327 349
153 163
43 71
328 347
296 322
56 79
71 84
1 8
89 100
134 161
68 86
22 34
239 260
268 298
99 122
107 134
64 71
236 244
171 193
253 263
291 318
191 207
26 36
216 232
1 16
341 354
98 117
108 135
271 286
94 108
102 130
340 355
68 86
92 103
67 76
2 12
236 251
213 241
283 308
130 139
1 21
344 363
340 359
335 365
281 309
339 355
259 269
14 36
154 161
189 217
210 223
191 199
99 112
138 162
341 357
187 202
53 61
169 176
188 210
257 275
83 94
305 315
26 36
317 345
201 225
223 230
80 104
240 262
297 310
131 152
169 186
35 44
206 214
122 135
333 353
319 341
172 179
298 317
107 137
158 172
40 64
249 276
117 139
69 84
137 147
304 332
334 341
74 89
267 289
93 111
275 299
267 278
305 316
97 116
305 312
12 25
31 43
2 22
71 97
118 141
159 184
9 28
246 274
96 114
224 252
117 124
308 323
121 131
1 20
31 47
287 294
334 345
122 150
71 79
280 306
107 126
150 180
161 183
182 204
249 274
296 317
187 210
112 132
39 59
119 132
214 231
199 214
218 248
122 145
305 312
243 267
183 204
105 121
139 165
330 349
284 309
228 247
201 216
336 359
173 202
97 105
134 163
276 305
85 110
226 236
346 364
45 60
356 363
172 184
23 44
311 325
190 203
188 203
90 120
53 71
121 136
76 104
85 109
227 241
341 363
55 77
122 149
170 178
95 107
170 191
205 231
301 313
67 89
254 262
62 78
151 165
317 343
325 349
154 165
271 297
182 210
229 250
311 334
99 124
43 60
28 44
105 119
196 214
324 340
220 244
4 34
90 111
292 300
213 226
213 231
303 325
8 31
121 137
247 262
71 86
232 249
72 89
64 92
121 139
58 66
154 171
25 36
333 340
37 65
201 216
230 256
3 26
346 359
199 212
284 294
333 353
1 10
1 12
348 357
320 347
226 235
113 143
249 268
50 75
174 202
154 183
322 337
185 199
57 77
193 209
223 233
53 77
269 295
162 175
26 40
99 115
143 159
114 144
280 303
320 327
298 324
307 323
64 72
313 325
310 326
186 209
330 346
341 359
30 45
1 25
280 310
263 284
69 83
139 160
307 326
312 334
1 24
1 12
261 290
46 71
302 311
194 202
214 232
192 200
70 97
349 361
137 166
1 29
138 152
14 44
230 260
163 171
264 284
134 147
25 36
279 303
87 103
114 138
235 256
53 66
59 78
260 270
54 64
1 8
290 304
334 352
220 245
189 203
168 185
177 201
101 126
196 216
20 32
74 84
26 43
131 150
314 340
232 250
175 189
140 161
169 196
334 344
201 216
258 285
195 210
140 158
338 357
247 271
282 301
192 200
114 122
84 108
308 317
184 196
214 236
156 177
1 28
259 280
13 20
134 164
263 273
103 130
1 15
157 178
149 156
7 19
277 290
141 167
213 226
154 179
126 150
160 178
349 362
78 91
306 325
178 195
299 308
297 325
175 203
30 37
152 177
325 340
133 143
53 66
214 236
270 278
1 25
273 283
289 305
97 115
207 235
161 174
142 157
334 360
135 163
311 321
48 67
11 35
280 309
16 35
192 222
49 69
106 121
235 251
35 65
253 261
130 160
188 209
142 153
68 88
90 111
170 177
35 47
130 143
180 193
203 217
129 154
253 262
254 264
212 224
356 363
68 98
246 254
211 225
337 358
7 19
266 273
94 112
84 114
203 215
216 226
231 248
55 78
200 211
261 271
340 354
271 293
161 178
54 67
5 34
182 210
106 125
310 322
237 247
278 291
127 136
86 104
254 265
213 231
80 104
324 339
346 365
41 71
46 64
180 204
236 244
37 54
71 85
98 118
253 262
192 218
231 247
315 323
224 243
305 322
180 192
71 93
295 318
43 71
304 325
221 244
311 325
346 357
160 176
13 29
339 365
243 268
283 308
123 145
314 338
347 362
121 129
295 317
43 70
146 156
291 317
218 233
54 68
175 185
94 111
198 224
352 364
263 289
276 284
77 100
64 92
81 100
1 31
192 211
154 176
332 352
247 274
286 297
332 354
68 79
350 361
61 81
145 154
1 8
55 63
32 56
334 353
15 25
320 329
180 195
245 260
114 124
83 108
239 255
71 82
145 152
61 78
155 166
59 76
184 209
326 351
333 356
79 98
238 255
45 74
72 80
258 266
104 121
78 88
156 179
231 242
342 359
202 221
303 321
180 192
25 35
194 213
279 286
203 214
73 85
57 80
176 183
126 147
22 40
335 361
183 203
296 314
269 276
148 166
316 333
57 82
90 105
110 136
67 75
113 120
279 306
1 15
68 95
285 307
319 349
204 231
82 101
208 222
28 51
229 247
144 158
180 190
1 13
219 249
118 128
35 62
255 264
109 139
113 128
15 38
140 150
162 176
339 359
279 296
66 76
129 154
50 62
1 21
260 273
344 363
183 201
210 226
63 76
305 320
48 67
191 211
182 189
354 362
203 227
104 131
175 187
37 67
164 184
36 55
48 77
307 317
82 93
264 275
108 135
156 175
106 121
355 362
124 138
251 268
1 13
79 104
36 58
131 159
65 95
284 291
22 32
288 317
322 334
51 61
268 291
241 252
105 115
149 158
156 179
6 21
247 277
52 61
6 34
323 332
259 283
117 127
144 158
4 20
105 124
143 150
171 191
278 306
287 307
98 124
299 320
18 39
160 173
252 262
244 255
5 12
339 356
68 79
172 184
184 214
251 265
1 8
144 174
135 150
82 112
222 242
125 138
275 283
132 158
171 187
250 260
22 41
256 275
326 353
213 234
287 296
170 182
243 250
327 348
100 110
150 164
58 68
308 334
332 353
54 76
356 364
254 278
214 238
209 239
17 29
59 67
24 36
64 89
38 63
186 194
61 76
313 335
85 103
146 163
104 113
345 357
248 274
297 322
98 116
57 79
222 233
107 120
108 132
89 117
298 324
135 155
317 329
184 205
27 37
336 355
164 174
310 332
226 249
260 269
72 102
281 305
336 344
168 190
266 281
304 319
341 354
198 223
87 95
262 279
301 313
181 189
242 254
240 265
272 289
352 360
98 127
130 137
220 230
232 243
47 66
330 353
203 225
330 351
134 149
261 277
102 131
1 14
236 243
130 146
252 260
95 107
62 79
341 362
183 202
301 329
57 84
70 92
275 283
190 213
1 13
15 40
94 120
1 10
59 66
109 131
253 278
331 356
346 365
189 217
249 263
189 202
132 157
43 51
106 134
252 265
117 127
227 241
291 317
304 332
19 46
111 133
261 278
300 307
184 201
96 117
1 17
34 43
61 91
181 209
249 270
109 134
218 235
346 356
10 29
169 179
236 260
311 324
277 290
74 85
118 144
46 72
112 142
259 273
122 150
8 23
339 355
277 286
251 266
1 28
347 360
322 342
144 161
225 237
188 206
282 297
289 298
157 164
69 80
107 116
149 158
3 23
151 167
323 335
3 17
89 96
21 45
122 146
80 87
143 161
164 186
148 172
324 341
44 56
189 203
91 121
177 202
79 102
341 354
146 162
57 72
146 159
199 216
91 107
12 34
66 89
307 329
13 35
318 332
211 232
154 179
148 164
311 341
348 363
314 338
335 357
36 54
335 353
120 150
181 191
71 100
101 111
136 147
232 246
217 241
158 180
233 244
185 198
230 244
1 16
53 78
172 184
1 22
102 128
145 154
4 34
203 228
287 300
248 258
75 104
71 98
141 161
287 297
91 117
82 92
137 147
185 200
261 282
235 261
235 250
91 110
249 279
3 19
234 259
203 230
189 196
133 147
134 163
36 60
273 289
50 59
10 17
1 30
222 238
305 329
184 191
332 343
258 271
206 218
326 356
312 338
184 211
61 83
303 318
325 340
121 139
73 97
159 185
178 195
131 150
286 313
280 306
65 72
75 92
257 282
179 189
74 91
140 165
316 323
262 274
30 39
276 304
167 196
65 81
1 13
84 113
167 180
313 327
222 252
111 122
50 79
127 149
277 303
355 362
315 340
355 363
299 322
9 27
1 13
96 113
32 44
60 76
325 350
45 61
269 290
342 354
1 9
233 256
58 83
322 330
125 136
217 231
222 249
339 352
288 305
175 193
7 27
112 125
297 310
1 13
209 231
215 232
273 283
251 271
194 202
145 153
256 271
30 52
214 238
15 30
23 44
2 25
160 180
279 299
251 266
320 335
52 60
186 212
38 47
342 357
169 182
94 109
356 365
196 210
42 67
152 179
354 364
37 58
328 355
246 270
251 274
127 149
1 8
62 86
205 215
187 198
50 71
192 206
185 194
295 303
83 113
151 174
237 253
77 104
251 266
249 279
141 158
311 321
345 362
1 11
147 174
28 50
162 179
303 327
5 21
262 292
125 137
15 42
179 203
3 16
197 224
5 34
280 301
152 159
260 267
221 245
256 281
246 269
282 289
318 338
267 279
1 11
13 43
355 365
143 169
328 338
90 116
156 172
328 345
57 66
344 357
129 144
355 365
261 268
134 160
226 253
272 293
1 16
352 363
26 44
217 244
334 356
169 185
24 54
189 197
319 333
262 284
113 135
260 274
225 254
73 82
22 35
1 10
355 364
11 27
48 60
328 340
1 8
195 224
81 110
243 252
2 15
172 197
279 306
331 351
197 225
52 66
276 287
25 51
113 128
353 364
343 364
142 161
232 261
164 183
163 171
90 108
313 327
20 42
262 281
137 167
306 313
276 301
133 144
126 142
279 306
79 89
1 11
28 42
222 246
139 163
285 297
1 18
166 189
22 33
68 79
305 322
18 37
37 50
1 8
314 333
1 31
26 34
151 160
217 238
89 97
26 38
117 131
220 237
221 239
1 15
201 218
296 309
241 249
115 137
48 73
136 153
281 302
17 41
59 71
92 117
30 43
273 281
213 240
1 28
303 312
260 276
162 175
129 155
84 100
145 163
13 42
128 154
146 168
322 335
124 141
137 144
61 84
345 363
163 191
17 30
249 278
1 18
322 338
263 280
286 311
250 280
243 264
69 84
56 65
130 158
343 358
292 315
322 338
185 195
1 14
120 135
264 279
165 180
142 161
279 304
29 51
209 237
137 144
209 223
1 17
185 201
176 202
286 310
122 142
300 312
78 98
180 194
208 221
290 300
281 296
317 341
299 324
19 26
142 156
39 64
195 212
216 242
311 323
239 253
32 59
1 25
109 129
223 243
184 198
21 48
348 357
195 222
50 68
241 252
59 70
107 126
280 298
36 48
134 159
120 130
191 213
269 297
159 185
139 149
58 85
1 8
112 139
6 19
135 158
183 194
224 240
288 300
314 342
347 356
233 243
250 259
283 307
195 220
171 180
239 268
193 216
16 46
291 298
240 256
51 77
54 79
111 134
49 60
156 165
25 36
323 330
268 288
138 159
118 128
65 80
197 224
81 111
1 18
215 226
13 42
280 307
127 148
65 86
1 14
192 219
35 58
14 42
264 271
61 75
331 343
123 137
172 201
227 252
310 317
297 320
231 240
182 200
269 281
158 186
288 310
310 318
159 188
56 82
225 244
88 100
44 68
171 198
338 360
115 130
193 223
95 105
56 75
61 71
10 19
8 32
239 269
265 283
321 330
59 80
43 52
132 141
136 165
270 294
256 282
308 335
247 267
218 239
323 351
337 359
205 221
196 208
190 220
145 159
255 270
325 345
1 30
302 311
94 108
10 23
144 156
341 359
46 70
278 293
122 142
109 136
157 166
148 174
210 240
306 328
182 211
354 364
221 240
151 171
269 291
19 26
264 280
10 17
143 158
303 325
109 130
249 256
138 153
204 225
205 216
305 325
211 234
346 362
257 265
270 297
152 171
105 121
24 36
108 126
228 258
308 336
321 331
88 107
240 270
292 302
98 106
135 150
81 100
268 277
347 362
228 246
1 16
136 147
148 155
175 194
124 137
22 39
156 175
343 361
220 237
334 344
1 8
34 51
220 248
158 166
63 81
16 32
212 227
14 35
100 118
20 47
162 183
154 184
196 222
247 258
73 100
282 311
163 174
180 198
92 108
1 26
244 263
1 23
4 14
60 89
326 354
237 257
42 66
287 316
1 10
77 107
274 290
296 311
250 273
78 104
1 18
94 119
242 268
247 256
134 155
105 129
188 210
331 347
305 326
223 246
281 307
126 150
156 186
280 309
253 280
270 278
35 63
26 35
26 36
224 250
34 52
220 248
243 251
244 268
288 304
76 106
121 128
90 119
101 113
293 320
281 301
334 353
116 140
136 153
257 284
171 178
325 339
121 139
11 22
310 319
173 198
23 44
136 162
297 326
252 270
34 42
276 289
225 255
215 236
339 358
173 201
171 179
111 126
317 324
334 345
248 274
279 303
273 292
58 87
163 192
307 328
139 166
122 145
9 16
185 208
240 254
52 60
110 129
224 251
311 339
194 220
144 166
248 278
340 359
329 352
129 151
153 171
112 130
193 223
232 248
161 190
83 110
316 340
9 26
191 216
2 28
338 357
251 258
163 176
244 260
307 318
316 344
85 93
25 41
340 365
72 93
307 314
238 250
22 45
105 123
164 173
192 205
38 57
319 329
279 301
265 276
227 251
233 254
56 63
94 123
74 100
54 82
249 279
238 265
1 10
136 159
78 100
320 338
148 156
254 282
321 343
228 238
100 112
8 25
335 360
106 117
165 172
333 340
211 230
106 113
95 121
285 303
346 361
112 131
206 220
326 340
148 168
258 278
151 171
59 71
310 322
69 97
173 182
250 258
202 217
150 162
119 131
127 154
272 279
218 232
278 300
23 52
335 349
217 236
60 83
281 294
349 359
194 218
183 206
250 262
122 152
354 364
