99805
28554
16963
26532
-28009
-78485
-79071
-67637
-10625
69437
-34914
76129
-28845
1809
19948
-46281
13690
49004
65432
42728
-3763
-91623
60025
68438
-15858
-17211
28032
-53149
65101
54422
-50273
23725
-48999
-59322
-73934
-76040
53525
-52888
60675
-70796
73621
95090
10302
-37836
-82273
51258
-41395
12930
-89371
32137
-24037
46697
-17183
14306
-36256
6799
-14490
43191
1620
86760
81960
8785
-15068
94552
-59298
-12322
13671
-29072
45217
54658
-26448
-74676
-64130
-87719
91638
-58702
8091
81252
-70484
-6708
-86435
56906
-49885
59795
-63335
-15378
34874
-52571
70139
77845
-15647
94960
15692
21424
60520
99781
-58104
-55684
-14302
21694
88890
-61479
-58375
26257
24416
21097
-45883
93422
28501
-15617
33867
-75658
42469
-18353
-3912
-94858
58273
54829
76520
67684
90955
-8204
-28221
-59714
-11669
-86626
-13672
-14609
94630
86980
46108
-16726
15153
51135
-29067
78184
57631
7847
57262
64141
44311
77454
-42522
-54305
43808
97430
88732
-61761
77577
45516
-51532
-263
58611
19811
-97123
48358
71824
55096
-41557
-280
69347
-87945
88818
-67836
-11803
-62989
73740
-59026
-16319
-21954
47482
-82258
1385
-56660
15621
72594
-46281
-81609
12731
-53569
25349
-49050
90200
99208
33518
51856
18276
44068
91383
-33050
24266
-60743
-58816
-89747
78292
5447
-11534
36742
92896
68306
94691
88100
-13616
-82588
-25473
75667
-84362
49063
-60750
-65427
52994
47416
21411
-28743
-15566
38267
9903
46749
43711
-91647
-29638
527
-65416
-10628
84887
21366
55729
-1120
4863
60136
-4117
-18446
5508
55617
-88352
35726
57937
72144
19736
21499
-17988
-55730
46807
2114
-87374
-35705
-45566
46778
62812
5365
27940
-10589
-95616
-44939
61791
66720
-66374
-90012
73550
-47858
-16372
-41030
-52360
-63304
84527
48277
27814
-7337
42104
-11258
-16993
88829
15673
2689
-64509
13810
16030
-31644
-85504
-10136
74643
-75078
-62486
-60864
-43434
7107
-12
-18329
-76384
-16330
-70163
96958
-18048
40296
47753
22280
19371
99398
-31968
88203
54906
42893
-89232
26262
55344
17766
2271
41135
63871
-92491
74165
-20617
-15935
-51716
14802
-85349
16075
99608
57320
-16078
80181
-31476
-31458
-3828
66084
59330
55612
-60683
-89480
71561
19704
59419
64389
7450
79718
18999
41207
-25410
-45225
-35702
-9109
3320
67731
-20865
-41941
-43793
-24692
-36755
60660
-10248
-65803
-73746
-43366
-99823
-22662
-73194
53393
59756
-56031
-63288
1898
42639
15740
-9230
17625
-81432
40672
-83749
59249
-33550
-75174
73233
21979
10788
-88365
11989
-54230
-14106
85868
90350
22516
49775
96691
80714
358
86847
-37873
-3408
2117
-90963
-59098
-50584
-82087
19688
35522
-5857
29012
37636
94455
20038
3869
-78054
49544
-13133
-61954
88911
-17638
31958
79838
-11066
-23646
-32382
-16440
63582
-16662
-40153
72616
23007
34285
-31111
59509
60248
60983
-51440
-91664
-70135
-5095
-75651
-40776
83821
-84539
-82532
56113
-94542
-96949
54941
-83167
41500
-48730
69504
-26225
11179
97279
-11904
34617
98381
8054
14376
10384
27400
25559
90517
22121
28177
93807
-29103
-74402
-70439
-77200
93
98951
1003
91275
-86623
98171
-34621
90541
86006
66860
-82463
40606
-29897
-34335
-68556
-80961
-2326
-65328
11807
44056
14187
63205
80891
31044
69230
18154
-75010
-51351
50852
55506
-11762
-32210
87775
-54678
-98872
-89181
55999
99847
94486
-19454
-13998
34334
69130
18634
41439
-56183
28710
52953
-48264
-87814
8267
38414
-55814
-57751
62690
-47645
-79819
24040
-88732
78703
-12651
-1521
-67041
35010
-12948
-53275
33785
19968
17750
72313
39882
36898
97125
22168
-94425
67972
94914
14047
-47809
-41933
-96046
3895
12434
-23655
42076
-10202
94711
53966
9460
80460
-29589
-47070
-24135
-2483
89944
-42019
95602
20424
51846
46115
30367
22506
1028
-67902
-16467
58517
82133
17233
-55448
26324
74516
-75337
95255
-14928
-58722
43301
-6877
-98770
-28019
53295
-80873
-82530
94449
37988
-34659
-94330
78745
29042
-6094
65787
68718
-57188
-68954
40268
-87829
49322
-54944
-77809
26763
80634
32915
93626
80083
-51773
-48827
-85960
71348
-71372
83390
-37201
48805
65944
-28186
-92867
-4337
96860
78910
9012
67219
7934
592
35088
-57094
-4158
-92193
-15885
60392
-95912
12659
-47738
85201
3660
-88913
88099
50019
95705
-82240
43353
87641
-99603
62892
-88190
90563
-9704
98154
77350
-20795
92764
-50471
-54468
21794
35837
78254
-15479
-56567
51827
-93482
-86338
30462
69630
81019
39799
-95213
-8687
99618
-78882
-54167
67540
-76646
84487
60788
-60464
-14133
6994
-92096
10325
27554
37954
-16747
96197
-34267
-24100
-33048
67813
6486
41082
243
-61142
-58286
-20577
-41185
23573
-7518
89328
52247
-52331
-69707
-48027
65270
-25235
-50853
66192
56753
-59888
-793
-54744
97264
15733
40096
-58051
-84091
34266
17174
57409
-57167
-38862
5453
70330
-39472
71255
30358
-99056
99377
-93534
-81339
93209
-50219
-66177
-26169
-90217
-19667
-41855
29968
-37660
-62503
49356
-2466
56605
-80215
86772
-61061
67650
3243
-25607
-31116
13505
24024
52504
86204
43732
69084
-75087
53718
269
63811
-52865
36016
38886
-20666
79710
-24069
-54078
-14829
75620
32610
-70585
52682
-56268
41382
88271
-53598
-99083
-74323
-90940
-17642
73235
-19220
-25868
-17491
-40361
-2326
51668
-40963
76339
15525
40877
-5228
1811
49685
-85295
48030
31685
-83323
39788
-61905
-63856
-5339
88131
97561
71995
-94879
-87002
-34321
14413
-5406
29412
97717
-24166
48831
24352
-11378
53588
84481
46560
65623
234
78417
81249
10970
-15477
-71751
-59617
36888
-68088
-29502
-60154
95977
-77568
4678
16850
-78597
-35186
-55061
96200
-7463
-41464
-34742
37589
-12779
65401
-39869
-56260
258
74420
95634
70760
-64074
71668
99918
68373
7285
-22934
91116
92089
-87270
60514
623
7876
-35728
3984
50253
-19199
48432
17072
12176
96905
16196
-81493
92959
97337
-28024
-33985
4466
92915
3864
68142
73830
55731
23497
27043
16753
-23026
55895
-1632
80188
90021
65059
-36216
-62739
-38419
-36704
-43358
60244
-3487
44786
-3227
95357
-48411
-19705
-69958
-96712
-67737
-75895
26886
-55639
22240
77566
34033
84927
91286
-44845
50906
-72614
25323
77495
-37290
-95407
88999
28956
31958
-30315
87134
-27014
36804
70678
-93861
41674
-14727
18362
24176
-32543
98778
-71480
67664
-19787
32687
78151
47736
-89727
-88278
-47165
-12806
-20940
-77916
66594
90383
-60425
-329
-73592
-28139
67046
33322
28136
30616
-49326
-55235
-79038
-89183
93551
97288
71805
-57795
-11332
22564
7213
47871
14404
-45878
34174
52325
66961
-91374
-17854
9146
-40315
65586
-38291
-67555
6050
20614
98757
-85581
-70200
-78746
39800
-54975
48517
99759
82244
29428
26380
65348
30186
-27721
-5158
-62568
30958
74664
-63802
-51183
-26583
71323
-7886
-7912
-54442
37486
-56560
22215
-98037
-90643
44834
-45594
-7447
-75736
1751
-47067
52137
1044
38320
-94498
7274
-13058
42086
-94266
39682
-9176
-38399
1703
58461
55884
21005
-67429
44310
93428
-49548
-74746
30105
85299
83761
40716
-9835
60435
48906
-17760
-74838
-64539
-96728
-89509
78382
-72221
-20512
-91061
43375
-48148
-54561
-37158
-81954
-72631
60701
-18385
78695
59102
-24677
-67927
16535
34416
17285
-30712
-60074
-74765
-95887
57532
48528
72810
-5659
76948
-64841
-85426
-48172
-78897
66561
-49124
-68223
-92113
-55670
19409
-98190
48230
-89923
41465
-97408
-17921
-66828
-721
-65407
-28038
90775
-3290
-58217
-87061
68549
54285
-84260
79965
-98993
-83907
17372
-92033
-77535
-288
92021
-93193
-16932
72034
-32505
78407
-99928
67189
-52527
-51946
-67764
38884
95082
55284
-17221
15257
-59876
67658
-68406
81281
-81113
-54523
88965
-82618
-46822
-97688
56637
-11656
77758
48404
-76362
-60389
-65922
-17011
-47117
-99467
-7744
-67702
-71598
21496
93559
7371
-91295
15902
63000
-14921
-19899
-32278
-34003
40446
7534
-38919
-79865
-56187
93523
-52890
52506
-5899
54249
54753
-24553
-21378
22933
14458
44273
34018
-38563
-39037
-30073
-54655
62766
27328
27222
-90211
35648
-4519
-19843
-77699
84970
81211
-38151
29172
-57301
35007
97363
-59310
89588
61906
-27086
39840
65195
-40111
-70407
-14739
42587
-65013
35056
85442
84282
-55459
-76864
76690
-63241
45332
49198
47271
-8562
-36570
64866
78355
66711
-24740
-73925
6304
-30233
33098
31357
-73640
9933
-24744
38008
-2981
999
-73428
50611
-63340
-11997
-50591
49247
-97691
56095
-25365
44719
-82313
64234
1027
83586
-96132
-72643
-2350
-16459
-32717
-14133
-78619
66018
-42362
-35092
-96939
15134
10641
-50124
37619
17222
91405
-5856
99709
-58285
76205
83392
40220
-48554
65718
-28681
35258
83984
10443
-83267
-53264
-49866
33007
-31637
46336
76427
70978
-69826
-62001
37445
-1457
-74953
77824
81305
-55382
31515
-61244
-4039
-89971
-14691
89795
15569
56499
85561
34802
-67431
70617
63508
58366
-80361
-80268
97181
70250
-41018
-93515
71050
60407
-81850
-5312
34262
14887
-59024
-14909
-1681
1414
-36755
34498
32378
-58208
-54193
-87494
-13285
25808
50402
-57888
33709
64793
71396
-33171
61648
-86712
-44199
-30698
35362
87374
-58737
90849
59813
-40721
55578
30862
-88086
97795
-72153
91096
-79153
-56412
-73987
96805
-85090
48619
-45745
38980
46501
-76393
-18353
-5339
-69874
14414
84061
-81546
59495
48341
13092
-75032
39249
-48692
89183
2309
29257
-58886
-65894
-3585
-9693
26954
-83231
-27539
-37147
-88346
68472
-62776
9680
-59194
-66868
79441
-67672
67676
-67286
-78608
13951
-54865
-64511
41370
2802
49453
-27491
80486
64631
35504
-98388
55080
84559
95391
16214
-62767
-15135
15413
-72859
81261
32306
-75026
-54543
70207
54161
-50583
81867
-40279
-9997
-35049
81947
27816
-8675
-73275
64765
2507
30918
92194
83287
-23410
19342
-65415
-76655
-44237
-28309
95748
77791
27699
27752
20812
-95214
-50574
-64117
90564
78104
28429
41743
49023
3104
-55271
27519
36000
34704
89369
7170
-44953
-31803
51912
83459
-33632
29825
-64057
-42012
34247
3641
-44163
25136
-93498
-13300
91284
89160
49816
-39616
32819
-59468
-84820
-34664
-60628
80941
-66607
-91149
-59408
80821
-48402
18465
91327
9899
48492
-19387
3235
-17167
44995
54208
52498
76973
-67934
-76266
24055
71638
21913
-58849
-59540
-67807
44394
-33453
2285
-7609
-64197
-8219
-47208
-8364
80933
-66275
29451
-86118
85226
28853
53425
-98106
16957
37197
-32310
31192
63025
-72874
-30992
89509
29545
-17826
-2712
66959
44441
61290
-76292
-39408
7701
72419
-20349
-40412
-73120
-74577
25198
8596
-36050
-34658
-7839
92612
63557
-85924
-82873
614
20788
-49712
-40856
-76275
-1422
-98055
64777
-30489
65137
-49722
-64880
-14475
-72133
-48040
36366
61424
54779
30024
-10615
-60418
-99870
-36552
-74891
57060
-46189
-41928
-81713
47385
83006
-29361
-979
-86107
13255
-17940
76748
81107
-996
-9251
19354
30671
74675
-77381
76707
-1471
-61895
59224
9585
-91304
45451
-82277
-1442
-74848
-67533
-16488
84892
78902
-19162
31898
84194
57521
53502
-44914
-9333
-67307
-53511
6707
-9663
-65922
-17713
24387
-76505
86642
-41442
18359
99225
-19004
1898
87787
-66929
24991
-49637
-36774
-84151
41692
24235
-42071
61630
50165
-33014
67408
-10441
30392
93282
-44486
-63116
37710
-96574
-65044
56141
-69490
-36629
-83781
-5122
74237
-3202
-44023
-60605
25101
-93647
-75507
1959
73292
-36413
-95862
-56326
13026
80815
96982
48756
60670
-95514
74628
6784
-83014
-35956
-21763
67284
-86059
57717
-77244
-97039
2112
43371
56887
18834
5977
-94582
97290
-12065
86890
-88143
-14348
94557
75958
-2208
79930
38349
13372
-7213
-73264
46412
-17410
27946
-66833
77620
8957
91650
-42489
38627
17935
-38861
60918
81306
-96943
50863
56374
-33393
-83161
18723
-46635
53077
-93142
37308
-66171
54282
-44531
72781
78597
-89020
-48693
-4644
-51945
-95851
63942
77230
52825
-48020
78000
87634
83168
12236
49128
9027
-40299
-46599
-9425
-18777
400
-45993
35201
-61194
-63307
19228
-15737
-60193
39855
78263
53371
8161
43484
-7355
55612
-36143
-51113
13886
-42214
-11668
41117
-48523
62945
-99080
7167
-11674
98226
-63445
-16179
58070
-29245
-32486
-12797
-27576
-48436
-13683
-33170
-50673
-90083
65353
-54095
98764
67670
5108
-80058
-83261
35857
-49184
72302
52180
-40432
30115
-24966
-54299
30759
-12917
-76916
81193
41634
50411
-52596
77705
8994
44586
32327
-1327
28349
-54612
86682
-61393
-52011
77833
73156
63903
-17167
24713
-94343
-27132
8701
39044
-96220
1815
-91632
-49545
-54391
92079
-63493
61777
1645
-66850
61333
47881
-73622
63217
-73634
49903
-79975
48570
15918
6416
-83573
8850
93202
-22249
60008
19699
-79101
77368
49628
89926
86415
-51562
37740
29005
35892
-72873
-56042
43166
23031
79025
-82744
-16736
54519
73873
-50292
1964
59317
48788
24990
-87372
68416
-50109
36962
-62997
-14153
-40508
-45277
44681
63539
96992
94766
7681
32613
-89560
85760
-70066
-22762
7120
-25560
-72681
95031
-57012
19571
-75335
41697
91761
3710
-77477
93944
12094
44673
20361
61661
69496
-25002
83251
-8806
75149
60177
10202
16074
-95306
42394
65148
93532
-70487
-73455
12208
9613
53779
-72722
30365
-25137
-19843
-11669
43978
-35270
-35152
27572
-53091
-97447
-46220
-71335
-4262
21345
-12739
-72325
-47161
80883
31083
53523
-11656
26718
83765
71195
53027
88898
7241
-23966
-84442
7243
16648
51051
49983
-54922
809
-66836
-76565
921
-28656
86894
-12576
1852
73864
43821
-94453
59500
-26472
1013
53793
-2093
13367
-34761
-93001
-38198
74093
50374
-49362
98232
-86282
-57534
81650
70302
13981
8351
-44455
35216
78230
28414
-84276
-68368
92212
-16675
59321
31699
97715
54262
-12597
-78401
91157
-56383
7529
-59578
-21831
-89353
39423
54983
-84144
-63190
-400
34059
33488
-7030
-1393
34974
-85050
25176
-73656
91143
-40517
64110
-78090
13471
-5101
-28172
54825
-60764
-3638
-52571
82082
74394
3950
-24006
-65869
-68434
38746
-3335
71560
66963
-50275
-98564
-28683
-49112
46186
22491
-66580
-77807
55806
-58833
39879
-17792
-1694
1712
-62747
-57864
-85370
6671
84993
-95598
-37327
74889
-64869
-91258
-20150
-25608
-89220
-90398
20188
98780
45333
-98241
35897
67672
201
21648
665
58384
88531
-39979
86109
5283
-56417
-6840
-59916
97903
-29260
-76969
-34713
-18862
70572
-65240
-4956
-15055
-82702
-45467
49815
-25371
-5403
5185
43189
-68780
-57523
82839
73312
79544
-98409
32441
-47014
63231
-99315
37416
40213
-36158
-30818
-94961
-31681
95708
-39858
-52670
16546
33202
38855
-46095
-46294
52924
-62916
-13251
47673
9953
-67999
-62811
-80707
5876
9299
81993
52798
63050
-82817
6403
11431
-84954
-18055
21238
73188
-54634
9473
1824
69937
-88962
77241
-87659
9190
9059
52667
-15125
-40703
-2142
66576
-96410
-13700
-39103
83601
75217
-31842
-35950
-89493
-16842
-92363
87245
-34510
-50458
-30066
-27152
69881
46261
-51695
-41726
-44553
70816
-93990
83243
-81714
44036
-19626
-82050
47576
-61578
-98173
13573
62358
80984
-32349
55329
-25681
97386
96691
93107
53853
21152
-96078
-26241
-31434
26953
-33206
-32452
44458
-24771
57516
74664
-19526
21380
-30509
49150
-68592
88791
467
-95012
-71201
-62911
-17526
-65870
-65124
18688
21957
47682
12434
-5554
41018
35347
-38729
-28939
-84719
-55428
-33035
54628
76201
-51726
-89187
-40313
90646
-36812
98136
72919
59493
25232
84671
72850
10872
-80254
-9994
-63403
27280
85289
51662
-52780
-18299
-90952
-66736
-60995
27024
30268
69874
-95663
97762
73411
33677
-52355
-20182
-53754
99966
-12674
71761
-127
-14313
-32668
-16230
-38236
64140
73470
29311
-60258
-44917
-2648
-95781
-84097
-76604
82066
17602
19594
-35393
21127
42223
23293
6442
-72537
-80410
79244
-29718
28732
-89237
-30638
58754
-58153
99834
26592
22635
44020
50217
-99787
-84784
48610
65331
23823
-32001
-69528
-35668
-37065
22833
-11960
-15514
-87413
-18617
-85377
-4595
7903
-17705
18811
-14001
91422
76580
-85223
-17573
-36726
-48245
-89378
11349
12664
-25794
38078
-98911
-33882
-32690
64266
-60310
-20431
6660
72976
-56603
45132
-24868
-83190
56539
-27053
-52270
-18877
-69490
-10445
41986
42248
-37298
-8397
90337
43131
70566
98824
46484
60698
-1374
-79751
-1851
15859
21107
31573
-59288
-93035
31848
7205
17672
-39524
99781
-31796
93466
49050
-62809
12934
-4824
-99551
-72387
13574
-67174
82121
-47039
-1299
94887
-57278
-80642
-94274
-89477
-42124
-10603
51847
-10789
-77013
-45111
42475
-23670
64019
50562
-48427
-26475
-60777
-9849
51355
-73943
-48524
77819
-95628
-53257
43326
28004
99395
97454
56364
-66493
-63509
21330
53670
48977
34514
-24144
-55027
20910
-65865
-72502
19435
51891
-67248
-49290
3499
-27264
89709
-70128
-19272
-66537
99123
27068
52762
-2350
-28173
88129
-18350
-65887
5822
-9082
-35329
16482
-28578
-58831
7214
-34822
-37017
-34688
-63193
55097
16616
-15039
33142
-79112
-7703
-24383
84470
-94327
2731
4327
39365
31078
99128
-22895
-92539
88424
-20025
18966
37450
-16250
66737
-28865
-24034
-35402
-17584
91110
-87264
-94629
16296
-63074
-32814
66116
-40382
7320
-75458
-4654
46722
-95048
-45596
-29733
-51481
65788
-39614
-96988
-64422
-61383
-47064
1008
14409
97247
-85368
34181
-58598
39452
-87358
-20706
57670
42825
-94571
-90488
60632
-81368
19748
-53984
-55211
77092
94362
-86189
-94509
11117
-65841
35110
-48713
-75530
77491
61082
-67422
-22754
-46560
-25086
-87445
11838
24130
52346
97767
-22911
-43713
35073
-30611
37347
-36092
53946
66606
21618
-61191
35649
-9323
-14269
46689
-64848
4609
-81796
-65710
47087
-2191
16456
88372
-16689
7103
16677
-91049
-15373
63275
-30526
45475
-90492
-21812
-64843
85950
43536
-50845
57402
25153
-8007
-74594
-90836
79354
20552
5841
-19796
-27728
-5725
-27639
-79167
61130
85718
55701
50955
-23666
-48110
-96186
-42356
75246
-73550
94006
50065
24369
-59321
-7835
-49082
61172
5783
-91799
322
56327
88811
-3070
17872
-14497
56567
-68710
-63853
95934
-78685
-78181
-76245
-40538
-29777
-17214
-97325
15117
43665
98607
62343
-17654
70479
74278
-16450
11778
-21899
-64198
-87803
95363
-239
-42952
-44795
18790
68350
-73375
-28303
-50125
-84199
44358
-36708
20781
-83433
-44476
-26327
75801
48195
99195
-55882
59178
93250
-70742
58967
-97083
-69344
-20798
-33406
73343
-15645
82030
-8513
-8964
-7771
41623
50322
82463
83677
-75434
-96316
63394
-89349
-84448
714
52636
22971
-66180
-47503
22223
-62131
-57541
25378
47468
-47723
-50811
-4721
81369
63314
-59631
84075
77664
63041
26451
-93767
-57586
75367
87238
-71921
-80443
-2637
86279
78987
10598
-19309
34687
45336
57530
67417
66420
98507
47012
18748
87134
-44364
-37077
68409
-1389
-3322
55191
-94833
-4867
1569
-50749
83627
68314
48556
-44372
-97986
26850
-10701
-25319
-13849
82115
-44110
-82201
-57035
40402
42552
-11476
57819
-48710
42633
-5278
33078
-97990
-36455
-15340
69058
26996
54016
60229
74478
-2658
35454
-95880
-68819
51465
34207
84181
57207
22628
9355
99049
77091
32208
-17982
76797
-23651
98998
-39297
-78232
43113
-11523
28762
-90665
99391
92
56620
-64163
-82424
38298
-48622
-82731
13540
18612
90266
-72572
-7968
-49665
63782
77972
87114
-72083
46191
-56418
-80793
-491
-15650
41176
25188
-69413
59341
79064
1802
-67526
21132
-76311
76278
-21537
-30409
-92778
-49405
56064
-11694
10205
42911
-66938
62407
-51465
5843
-45948
-19137
32820
-74717
31414
74837
1558
54486
-88874
30178
59724
12054
14457
-92702
-50053
58816
-11825
-29442
67861
39988
-72045
-38253
35688
99605
15831
-51590
5429
-78393
39976
61260
38222
-10857
-36742
64356
92504
-27618
-64625
-17808
72583
-87921
-62692
-36329
-78577
-73195
51415
66272
51194
-88311
-30347
-1261
67887
46039
-60467
-80548
69501
44387
-32206
34284
-75323
-65998
89543
40015
13691
-33989
-16841
-30752
-65872
-18921
-38928
-93093
-42228
52683
-17635
46679
-57227
67246
30585
-71100
33252
87150
-39584
25885
-72234
-13017
-97077
82726
-88072
-73090
52667
-56984
-87780
3372
-21881
-21865
56230
99901
64874
28316
-19482
59486
12244
52544
-51556
1788
67451
95327
76308
-39234
14401
-92846
31815
53678
-36919
77575
-96780
-27567
-7408
17700
10837
-90214
61886
89060
-61978
-29231
-60308
17703
44785
87683
-20423
15062
41913
-27833
83230
88519
-19709
88260
24640
22067
-9790
-9688
51076
56308
-98344
-23902
92781
62700
-21478
40126
-79801
-87869
-45352
525
30675
-40953
32046
91299
27562
-71334
29584
-64636
-99508
-70447
-17449
-8326
-8757
10264
31572
69735
-8479
-96915
8853
-45163
16295
81579
-74649
99271
89658
67974
-36842
-10662
77113
-32809
65130
-39823
-1186
-53268
-69937
18180
71225
74291
-97680
-25557
-52260
2351
9011
-37563
49125
9941
-59253
-25643
45003
63156
22077
44554
-11313
-18146
88732
72678
9874
-74072
-93096
-81413
-58482
83217
57882
-80505
75531
73372
-27145
54225
42433
-27548
-98063
3363
-49957
27457
16746
-78542
66732
20390
-36726
-40938
-24946
-64269
62350
27661
92245
-5852
-15927
62877
332
-6718
14709
-19566
-38331
-90869
-5481
-87069
44841
10061
61804
-57339
-73901
-21173
52704
39133
17276
-15509
95274
-17872
-8020
-53776
1648
-85822
-37084
18974
-29605
46670
-12000
-52852
-41665
-17292
9351
-81136
14887
-26917
-86910
-62496
89260
6620
-95092
20093
88975
55389
-86168
-67547
67913
-88888
40332
-35798
-89725
93308
4756
-32893
-30175
70347
60614
65546
-81799
21789
8140
45323
10129
16426
-29512
38903
65456
62285
61476
54590
-38132
47930
-41606
21155
55122
-12497
-52437
99178
55017
-59454
88152
25633
82565
-16753
-78890
81346
-18570
-92140
-63228
-48446
85326
-56251
-8406
-98965
41892
24542
-87909
80788
20955
3700
41169
16831
48446
-56733
-15048
11536
-35342
71798
12596
-89737
-94577
44393
40212
17629
-37808
-61985
-68979
-63773
-34583
-83960
-32377
-39779
-3815
-5841
6397
922
1652
-61904
-79288
27936
61390
-4142
26992
91592
41896
-6391
52065
37339
77803
-96916
-62004
46438
-4313
-37181
18014
44139
69260
1171
-33604
45563
32746
-80262
-57780
60910
-28302
-66395
50299
18307
-47042
-96515
6435
-25001
-9935
-99377
-14788
-21003
37182
49848
46580
-14026
-32312
96567
50751
-74852
90789
-12561
-42666
-48490
-88024
-46946
91838
-32684
-71235
-12196
-92726
46781
49969
-54621
40675
-84093
-64236
-78955
-67364
31989
91696
74566
-13329
83880
-34986
10120
85436
70596
-68226
-15796
-85980
-24247
-88614
88737
-29112
59169
64766
12478
60450
-50973
94470
-67973
-16064
-12699
-91989
-76946
-72609
74138
94275
71757
-19673
-52773
-13943
-62790
-80956
-11638
-78460
-78731
-44606
-59142
-89888
14104
94330
-36887
-31171
-99949
38341
-51015
-53180
41964
23026
-49786
40441
-75438
42726
-8912
69792
32191
60453
-5065
-76159
-70237
61773
-3599
12574
31203
85259
-95409
47503
-60449
-58131
71327
-81146
-29252
39372
30983
-87884
68986
-88828
34129
19219
99774
98766
80453
-24060
64007
37852
-75542
-12140
-62725
-90139
-22559
-23234
22703
9224
-60554
-88671
-57409
-49143
-11704
-82443
-57160
-48733
-98564
-27189
15813
87728
-3287
52723
81939
81926
-43226
-45638
-33398
-71273
19064
61484
36919
8969
-69788
31107
99964
16225
31421
-96407
-59261
47972
39920
68865
-11699
91959
42219
65695
73549
87647
80965
-69497
40020
-19339
10090
-53987
-49367
-5767
-72051
1005
13500
60964
-62532
-82450
86299
55455
19361
47062
-97978
-47507
30918
-10600
48371
82932
-40357
30590
70412
-8867
19915
-6569
-78658
96728
-9618
-98944
-18547
-93348
-78733
18453
-2849
-55797
-79224
-48264
5492
-4822
24951
-66024
-13115
-57032
-59174
61189
85318
97225
39943
-62593
92434
14022
57215
-44097
-90558
-82890
34570
-11589
36875
-59535
-64616
-93170
34787
-7528
16916
22457
67294
-47871
-85693
86370
-82594
91721
-24798
-55696
-17553
-35726
-46553
-77522
7553
-44503
87983
40440
76333
-76673
-24010
92676
-89579
44358
82779
23260
-69480
9336
-77387
-87080
11752
13226
-43
-18127
702
-67104
19199
72276
3048
-38575
-84037
-74566
-86812
51526
84935
99762
-22039
50678
-56714
-47364
29349
-87184
322
-27072
-5353
-77134
-98401
11954
-78022
92381
-31859
11852
5783
64634
-56934
90707
-96950
28379
57473
-14720
-85347
-56015
46767
-28861
-10303
-63280
-40179
-3066
-6842
-43262
-7713
49580
-19393
-44110
65661
-53722
-46215
76845
53439
94459
-29748
65672
-29021
-52624
39877
26984
86638
16133
-35437
-93443
4484
-27961
11842
-19035
86735
-30297
-30270
-86771
45093
64064
-86159
-76359
35245
-46763
83456
-33531
51339
12628
-2893
-38297
-35552
85789
-30801
-13385
33291
-9106
47508
10021
-91253
-99552
52227
84879
25798
95423
30976
49450
44587
-66330
10949
-35621
-78048
8808
6549
94473
6645
-64762
-38132
-10870
31660
-23397
41741
88724
29947
-59128
-63370
-84853
30151
-48347
-18999
7875
-80847
-7048
-60143
-87613
22129
48672
52401
-14780
-89559
12372
-50952
-41020
189
71465
791
-59953
14999
-35561
28144
-77749
43228
-91175
14242
21744
49018
19728
88033
96979
-70581
64259
99615
-542
-31438
48300
-83031
51371
20352
12479
-16886
27878
22268
59060
13764
-6918
-92189
53755
26825
-74555
-86454
89433
-70937
-11131
23706
-9929
-21304
36608
35421
-18655
-25328
5405
-64217
59174
5343
39926
-25863
47456
-43843
7307
89814
43407
-29024
7577
-58694
-88552
-91842
36574
-77040
47371
41547
-21360
38160
32419
-17931
-16510
-48899
-80750
51038
58115
-32217
-7553
-55506
-38684
99502
-9322
-39817
84759
-83727
21285
-82894
63578
-42608
-94184
6507
-30583
27470
-76850
54260
14377
87739
-66768
-65014
59571
-43083
81414
-4755
-85102
68265
-62215
-81551
-94452
-92817
30335
15405
81845
-17751
-35209
55597
-48851
49365
-86841
22934
54028
4599
-12080
-36349
-14603
-36971
56030
74775
39530
6963
-34824
-15433
-13485
7921
42130
-89276
69731
-55598
10910
-62465
-97015
91023
37849
45431
3026
21476
59309
95095
-52245
96918
86402
98116
72013
51929
-51200
-57193
-47109
56832
-20680
87508
-50977
-21732
-71145
34499
-82007
40272
58193
-29743
-91663
-60849
-75354
-92962
-49497
-34981
40351
-26008
71530
36435
-7614
-62879
-2387
27434
-54610
-59236
32019
10807
-56355
13102
-86800
-89360
-65179
85608
27814
-26452
-64359
-57157
-12364
-53950
-73254
56726
-84268
-38367
34976
63967
-89503
-69388
14636
-55029
-28044
15139
35335
-80142
81449
44469
17656
-54703
20336
47861
-54408
76280
-24087
-60072
43146
79934
53947
472
77806
71231
-65473
95852
22484
41865
-36906
91842
44717
1193
-7245
38558
37507
-63063
64877
25929
-29079
-5560
-97108
-27971
30420
-77259
60654
-14902
-7849
66599
-10409
-54076
15685
-622
-82559
-7284
-83366
568
62933
-9519
-48491
-69929
93379
-49156
-15962
-81591
74648
17854
-75827
41346
-69799
-93477
30262
-77190
-80020
-2715
-1404
40185
-99169
32329
14573
-32549
-73017
11411
90449
28350
88807
62937
30466
48844
-10443
47596
-31046
-65747
-37137
31533
24462
-19945
-1785
-91680
-4115
7163
-31353
12981
76726
60931
-46760
74132
-68858
87759
30069
33889
-20402
-70562
-81429
-88503
37293
35577
16025
97753
-40616
50890
-79377
-88706
-57119
-4438
18755
28248
31326
-72091
-81411
8254
-42226
35015
85835
93882
-61477
14508
-74709
-69863
45363
43909
-91781
19563
15743
1161
-90611
-18359
77935
-34800
25377
47838
-3623
-87828
-65660
49218
5657
-39380
57683
-66119
39387
-75791
-86247
50938
-3683
-49005
89916
-48482
-13035
45993
9342
-50040
68722
-61722
28490
-83662
66087
35660
29576
15995
74924
44809
-59504
68682
-73096
31121
-9895
64343
-25962
-69955
13051
-33047
-17073
-43872
82430
-64860
-97476
74235
7611
78665
95023
-41250
-25771
-77414
-55814
11275
65789
86736
45061
46247
33184
27560
59172
-48307
-94901
70794
28089
-93739
-29095
6435
12268
46781
-8761
-52054
1606
90346
73567
69234
89559
-33165
-66303
-5404
8298
59291
-38836
-99463
-86314
-47266
28528
62614
37681
-74579
-80377
-15659
42114
35555
91981
34558
-22344
-49950
-51047
18779
27736
-65346
18180
36098
-2323
-37612
39140
-82903
93786
-63209
33702
-75911
42104
4504
88467
-19452
15318
52163
67613
-32350
-4165
42560
37899
-88161
-57793
28333
51344
-4432
16025
63821
-3429
-4648
-98299
6634
-11184
69820
92214
-47487
14936
-66084
2768
-2296
-92180
93614
92572
60738
-71622
-51865
-67956
39326
61438
-3245
64895
-5697
16061
-86986
-98038
47064
-76346
-66063
25865
11281
31446
66843
17778
-74998
-84191
65778
-15645
-33237
88564
77676
43277
-24466
59418
52919
-42519
-38374
-38973
9182
-67959
35797
70152
-16231
69468
47008
49113
37509
26265
6053
-10640
-48051
-92022
-7887
31133
32236
67588
77668
-69886
10980
59708
-24271
-10966
67906
73406
8567
-25897
-12366
-84380
7910
5125
-76050
-16839
-83082
-6024
56492
-76039
74530
-39628
76391
44359
93199
-68908
96054
-23528
74755
41307
42361
49055
83051
-64269
85042
76302
-3857
91471
-19916
-38928
-44332
81858
82459
13352
71898
92020
90
8751
-64446
-20356
-81787
-84721
-61338
-14955
-54099
-73917
36822
-2175
54041
-8268
-80362
-31056
-9803
-90435
-21584
-44415
40245
72617
28570
69552
90644
-91611
-9231
-47492
-80624
-19469
41308
5965
-11767
90629
45163
81040
-84712
60550
-51427
-98134
49130
-89562
73191
-12468
48943
-18991
-73032
-53159
15799
42569
10297
98000
39396
1008
42603
92510
56590
74632
95881
-5242
-75231
3659
10522
-84701
-241
-55440
70398
88799
19913
9326
-19707
80753
62527
97068
-18636
-34444
75366
-49265
-1630
35783
14625
-27806
37872
-20909
28697
53325
89524
64848
4833
74381
-68060
-59421
-79861
66429
-56488
86816
22872
70582
56710
40825
41243
-1795
-35344
-1169
-36670
66060
54550
-77787
1373
-52453
54439
-54009
-11105
18857
-36054
-40989
1927
61513
-91639
-80655
96375
-45768
89743
-11726
51408
29791
-61325
37104
-12112
-31902
48150
-73834
99576
-82140
76343
-16952
65126
-4333
28164
23868
-71937
27523
-35908
-38504
14033
-5191
-14049
64815
67155
-81743
45952
-60078
73704
-13450
-34528
-19357
75701
-29506
-74832
33423
27371
-8937
52799
-6060
85085
-60340
36932
-44194
84168
-56334
17766
-55034
-74927
3517
-54723
65128
-26481
-46406
-61000
13390
-51295
-15783
-93845
45410
-10321
-84466
-90036
-26927
-80703
55998
-19071
-38924
-94213
-64128
34234
94859
66467
-58190
57223
-35110
66986
-17000
51277
125
10558
-75290
-98126
-64706
22216
6096
65570
-90347
36562
65013
44155
-1436
-25488
-43159
42176
1895
-52383
-2810
-24997
-98733
-81268
-98588
-87145
-87874
82817
-31852
49981
97186
79401
14092
32108
25069
-34062
589
92809
-74345
26525
7409
50547
23742
11978
-88796
57672
-78933
95511
70454
87158
71569
-6379
48324
-9764
48587
6783
-13945
26430
50406
-90889
75538
-66147
21799
93103
-92236
98272
-49120
83430
95807
94563
42071
72150
51780
-68500
-80403
97939
-77304
-65302
13340
46351
52474
51848
-10801
-66483
-672
7002
51981
4309
50066
58746
41108
-81316
61647
-95604
89621
-26743
39291
30842
68764
28934
95740
40356
-88237
27691
62347
66176
78886
60537
14073
-67416
-35711
40493
-32080
-58098
11235
71905
-49741
-44900
35372
72014
-8337
-35039
-56347
15577
48170
36839
89920
-97384
-91294
75920
79625
-91464
45883
60343
65577
73265
-37784
-31461
4933
-52670
26095
65304
-85498
49667
-38185
53379
83497
-3760
33480
41610
32336
32289
-46533
-55589
-83609
95241
27325
-37909
-46179
65276
-73164
-66325
-72150
-77613
-11170
-28885
-61892
24307
-39843
59815
-75537
-93076
71058
90822
66956
99477
-21180
13517
-91901
93334
64233
-71537
-20237
4019
92906
44775
-68901
49742
-43902
90768
-99284
32453
-25666
16013
-66543
51841
91133
80638
-59766
5080
58087
93382
14513
48293
14958
-21652
-65484
-51255
79507
-29195
-48302
35025
-13241
39215
27888
37363
-39723
45437
-84994
-59796
-76981
-31969
-18238
-15129
-94895
75602
53415
237
53166
-50824
-52662
82206
-35389
-24818
11003
6924
-5242
42088
8514
-78805
-90301
89698
-58916
55034
23849
-95284
-91859
84185
-43377
18696
71983
-10380
17760
27900
-24914
21809
-13671
49187
-67128
-89812
29433
-65462
-96508
-54498
-40484
23781
-28051
-87459
34033
-71253
-22374
-59195
-90962
-70661
71618
-68622
-30130
-79979
47513
-29418
5259
23017
-7531
73220
3217
-59451
-30121
-70592
91199
-80779
25930
15893
5911
-98763
-40776
-49093
-71727
2229
61346
88882
-85221
88643
-38796
89171
95832
76152
40
-95497
47786
65398
-50664
21817
45822
68886
62974
-5795
57047
42203
-70957
-7164
39894
-58403
47935
21326
-54090
60742
58137
98210
-95425
70009
98745
70428
15645
55265
68310
53286
26340
18386
-34040
21569
30024
-65559
-57922
-50148
-2138
7723
65243
24903
-74054
-79027
-59232
-75829
38890
46246
22472
78781
-13701
87008
-94727
10019
24025
99115
-61710
77451
-54157
-48207
-53475
-32697
31846
67997
-16129
-28958
-60984
17909
-45698
-72580
-47211
-39919
-95788
43043
71995
78361
89182
34546
-38641
-80763
-81623
-71749
-89046
10598
-49070
13236
55746
-62424
22931
-55429
3166
-69760
47730
37645
26895
-37738
-91086
-78549
-99960
-74162
-62093
-68010
-9883
26739
-82045
-14582
15829
-76038
-61152
55022
-88658
-66950
-46865
-26888
91550
-45429
54793
-76275
-42048
-51560
3140
-12000
-75102
18408
-97651
-66598
-74269
60481
-47819
4416
-79236
3493
-27920
51573
-10549
-77002
-47657
-3699
-91454
-81060
-73083
-54467
40023
2137
-88266
-75573
-78922
-20226
-56726
-99894
-65187
71756
-85479
35139
52589
90689
91710
-2597
38654
52819
-56417
92835
-93429
83096
-77632
85653
-22003
-84270
-15919
-68011
-24135
65175
29252
-84719
63973
99130
31720
1363
72082
-8511
5090
-52376
-51888
74878
-523
-31465
-56057
6155
63684
-30397
6610
-18401
93359
-12863
-89556
90869
72949
88689
44735
-18370
75636
-94102
10832
17477
25284
-1234
58225
94691
-32406
-73474
69905
-99890
-93712
92359
-8249
22893
-15835
92252
-69754
-71506
-88154
-79560
-80874
-99573
17713
76864
-8981
42296
-7508
-29558
-67370
16314
63468
-51458
-7694
87162
46926
-81684
82216
71309
-24415
18960
42776
88237
-53835
97273
92929
-70511
12581
65258
84243
-2566
59701
67822
18059
-16748
-68171
-3980
-65668
-67046
66328
19742
29025
-38075
67096
50402
72199
13002
-11412
13207
64311
79618
-11250
-41512
93020
-62169
-60970
-39053
-50447
-64055
95516
54866
72789
-97553
30276
-64585
-45021
32622
-86354
-98514
78247
-33548
73359
-76688
897
-88911
5308
-50274
-87969
5704
73499
-84562
-26123
-76747
-25668
54969
-62056
29157
-32555
8487
14888
65342
-67196
81908
-47280
-88657
36852
2316
15572
-54628
13348
-85816
-18224
-13641
21924
-73953
-16707
-38790
-13896
-89634
-52199
1944
61156
93643
99094
-7352
6188
-79003
-70111
48487
16129
-6740
-12522
-49849
62926
-49530
-90193
-56682
-84184
-35641
91211
60711
99514
-83657
-16968
-64258
38712
29676
11322
-72282
77423
68921
-62358
-92487
4246
68620
-32050
-25953
49274
95072
-4242
-95641
8380
-35129
-56646
8161
-8548
-21355
19103
26409
93349
24667
85389
-10062
-84961
-87086
-83962
-11777
-69000
83875
-85624
-10131
-28311
-70495
-4316
33724
74134
9108
52277
-90291
-45694
-8427
-20442
-91711
-32377
-57338
30982
47319
-84411
-28780
-52481
10180
-98461
-39340
-1299
-89570
-25301
10984
-63856
76540
-47632
35494
-11918
52758
39217
30552
-94638
36873
-54763
-47532
10689
49645
72138
25744
56406
89654
32705
11476
-83340
-70228
67595
-69159
10589
26159
25648
-90825
76106
-50923
85538
58550
7421
-72232
-58547
45123
-99003
42668
-83034
25822
60854
26331
-80308
35633
13537
4114
-72340
-87462
-87018
-52513
74427
-45860
-42208
86505
61246
-99682
47267
-68363
53122
-20604
-30832
33493
49222
-23243
95594
28629
-66000
68701
53821
91659
20456
-47422
34664
51473
-69405
-43334
98146
68543
-57589
20407
75109
-8793
95047
-47885
98004
33831
59403
52670
23413
6548
91850
28834
34383
43453
-25999
53257
-44493
60005
89561
-78023
-23883
71779
86052
1296
-63779
-28555
50449
-55660
88083
-6125
96132
83530
88973
-46279
82163
-14743
-77060
16137
71094
3562
-91453
-56511
-44066
-97942
44942
31057
78061
-25613
-7127
47718
-2026
-61968
-10894
39906
-76136
-28268
22886
-38182
65175
9361
-21911
-6555
55125
27616
83311
7074
26224
14220
-75437
53147
-26562
-84024
10647
28939
-68138
90007
-62994
32679
-19301
44797
-48626
3153
44844
32047
69509
-60047
27903
29057
-79513
53169
-26282
-55951
92524
-82501
-72850
26326
32697
33681
61158
-30790
-18638
66248
82983
-45800
-2455
-6877
-22197
17012
-75482
60923
21641
-3217
77175
66032
-84463
70385
78940
28262
3660
-8613
-19171
7488
33421
76378
-14406
-26789
-46496
7252
-75412
-31050
-53495
62637
45604
92245
23054
25096
61536
60159
-91821
91961
44452
-48090
56877
53332
-89490
-14665
42950
83022
-71690
-60088
-87065
-43712
-20433
70797
-4161
-21556
70920
42983
-24009
-10332
58690
-21155
57394
38728
-26878
6832
82059
-95473
70464
35102
60050
-53652
-78431
-14888
-5104
66084
-9202
-15994
-85600
71087
-31907
-73343
-51705
-26938
-70718
98240
-62339
51394
-37812
16962
69081
227
42108
45799
-26965
-74043
43345
-86311
-17477
43304
-46537
-16019
-46145
4291
76492
33996
-31453
-56260
31218
-26445
55691
-22018
-16603
-41648
84007
14683
31486
11188
33364
61802
-64013
22693
60799
-43078
-55603
-54572
45389
-7697
96603
47775
-53969
-64613
-95100
90327
-73869
-89149
-8741
60453
66461
32633
-38734
-27837
-42552
-77814
96497
36989
-86554
62679
-88983
58186
58522
-22146
-42380
41941
56950
79764
63250
-53852
-58279
-25452
62049
45728
-21975
60366
30123
-66869
51430
89525
66755
92771
-57748
14751
62547
78226
34751
-45320
-49090
42703
76253
-8676
-19112
17893
48450
-59480
-25269
10004
-29692
-93210
45797
4644
-2950
20646
-97434
76681
-63957
-49014
-15473
95777
-28460
37433
-66209
-86162
38588
-54129
55516
48548
4134
-25657
-83719
34483
-91493
-69884
52335
19627
51441
36626
38568
58370
62153
61448
-46403
37948
-31175
-32262
-29490
90643
64666
-48917
20552
-58649
46073
-17855
95076
49643
85530
72299
-34591
-29919
98977
-85164
-51614
72500
-16128
-74932
-68800
28941
44583
-43151
-88400
-23791
18796
87383
-21726
27244
-11383
-16297
61191
97897
-16562
61474
-94769
-69889
-21633
-78463
-40443
-30522
-99781
39705
-9884
72007
-80995
-13434
27725
98509
29012
-78551
-21734
-64881
64754
17334
-28436
-71364
74629
8664
37414
-97880
-51773
26147
-98896
9882
-86905
58603
-55290
-38323
-9522
-81949
-63778
5579
-20013
47966
-70029
90464
40921
21111
-29789
85373
-32875
15214
44923
-65412
60986
-33187
1435
38029
69741
17619
-15070
42853
-31812
-63894
7758
63170
-43288
-7184
53713
-71520
-15106
39685
14389
64656
-24249
52935
594
5676
-46772
-29950
58127
50290
84513
-92747
-54504
29428
-52713
-14189
86705
68373
5348
-41897
-4432
15045
-77377
42079
-14267
-55935
53007
-55921
-97946
60872
66437
66785
61644
-25210
54161
-89917
46698
-17114
-25284
-40156
-15145
-51545
13751
-5885
-63009
-67454
-89088
-12798
42108
-85420
20658
53119
83954
34511
-7268
17613
87140
-9292
-97652
-89267
-58356
25542
49864
14290
12683
-85412
-48089
64600
-75157
189
22514
67858
-18587
30969
-59548
-78663
16068
74668
58980
-5036
-72305
45706
24770
58906
22274
-31452
-49949
22037
-52166
87669
-93184
-14462
65022
71539
-59068
-79755
-58144
-54679
-11240
-17241
-68662
31419
-88550
55490
-48813
-57212
-21402
73890
-20529
-83970
79688
66011
-962
85713
74100
68220
-15974
28127
53385
32493
30941
57325
81862
-7408
33761
52888
-30956
49382
-95915
15888
27688
-26525
-88551
-81269
56728
92222
-33861
-6643
64685
94683
-42311
-23244
78134
-40635
93345
-30611
-14759
33192
-60843
77823
-63229
-44432
-20099
25472
41761
-44216
-2795
27716
-17468
-44860
81073
-83989
20350
-51561
-52554
50350
72990
38589
-89326
7035
-82233
-9169
-96549
-62683
-52894
-24579
13727
-70637
-10263
-83864
47231
-27321
83035
88821
-98041
-92755
24827
-21753
9796
-24865
73790
-27489
56479
-5464
7685
-59230
75923
-46910
-19182
16828
86242
64974
-83483
-96381
28120
68619
30678
-73807
12939
90163
52267
-19925
-86686
56531
-37753
9668
-2524
-16871
59375
-53848
95706
45907
5009
-58036
-2939
-41429
-11703
-52872
-30327
-8682
-83347
50325
-36539
-73190
5541
673
-77718
75962
-93949
-99389
-55584
26336
-14276
-79295
-57760
21697
15015
70311
78056
2235
6450
-51645
84029
77986
18021
7309
38561
42228
-14753
-43892
-58490
91807
-41956
-19788
-88551
23656
32663
4482
34056
79920
-91912
-9514
85164
-43411
18412
-47406
7350
-63687
78614
21629
63362
-72216
4074
8840
63304
-6375
-23307
47862
98700
71912
-50980
-72685
42438
84366
58308
-40715
17325
65861
15536
-1301
-30537
93641
-58181
65211
-5893
-30669
-53760
73886
24748
-64029
76089
-80858
-76752
67664
83461
31695
-6745
23707
38372
-3014
-75408
52187
88174
88004
77020
-29327
-41387
47871
68399
-26247
91524
22760
28403
-8686
41349
-99056
32136
91109
-3451
-64673
-32746
-9490
-59786
54086
73579
-93099
-8633
59458
62906
-50014
-57444
39945
15450
92070
45976
-37676
55581
36308
63131
77641
35640
-26314
59635
-78037
65619
-12288
6814
25998
65938
69006
-41613
89331
-95664
-35841
49488
85110
77862
1329
3177
55017
87406
-26094
-58110
23910
15800
18534
13682
-97601
21303
-66285
62096
93497
27584
-24126
61676
-58958
97649
40580
15364
9323
44475
-28420
-90729
-92570
4060
2452
49482
-31457
-29278
98983
-83545
23967
82828
-79843
82903
-11187
61674
89951
-3549
83313
57510
-61728
72773
-50199
22563
74918
6789
95263
-11517
-95881
14940
89048
29919
61409
-15413
-46217
-84471
23738
-69997
-53859
3711
97724
63226
39140
-42350
26133
82175
46431
79245
-21745
16676
89753
-31905
22693
17246
7949
23454
-52348
-90713
1232
76742
-20626
66754
73352
72483
28637
55902
-56158
71311
-25233
-64882
-74621
-62569
-85574
13620
77670
59503
-68520
89477
2049
31166
-19665
23503
-30616
-26815
-61420
-37329
42466
45561
-58274
45098
-87747
82478
89283
82840
48447
38159
-23575
-94593
-25497
70596
-84579
26234
22846
18376
-95937
24514
64782
39936
-10745
-25254
88487
23231
-9442
-15225
10833
74504
92025
-8337
-8689
-64669
10108
73303
22666
-15901
-15317
59104
-29666
-76330
36740
-1175
-97783
-29658
-72728
86985
-34313
-35954
-26856
-71170
-14378
-92355
80967
94429
-72116
64475
27470
32868
-43448
43118
-57205
66125
85231
6352
-94889
-93318
5968
-88990
99975
-8916
-54344
-77298
52078
-37684
40050
63421
-33392
50240
-89060
20679
30027
-22825
-54566
-4251
-40692
59802
80470
-16530
-32118
-43006
47455
-96708
62043
-82601
47194
68481
42601
-78185
59775
-12465
-72034
-15633
-92612
-7092
-60485
61218
-19326
75751
72988
8328
-81903
58890
85525
35409
47562
8485
14673
39625
-92042
71266
83223
-47477
-82648
12813
-81608
-83883
15068
72763
93440
-6032
95991
9215
94185
-68608
47678
34608
-51213
-15393
35172
-37705
-55363
-57017
-29382
89394
-2203
82934
55603
16670
48423
-4229
-66340
-96313
22406
56261
-82694
-14277
55612
-12741
-21784
85648
-5766
-56300
96242
66202
53056
64702
78923
19944
21364
14008
-76204
-13317
-93880
92119
5042
42457
-25432
-17516
16578
-3418
34310
-13485
47630
57283
-48743
92166
-95126
26246
-21950
-14411
-91883
-10345
63820
-41562
30328
-32625
-53539
-44757
-43415
93153
14114
70753
-66073
90058
40744
13021
89005
51295
84293
46392
-6933
-40447
97429
14106
1966
-10019
-89096
-99248
99762
80646
77442
-70816
47870
-63858
49499
-3406
72202
24453
58492
-49528
-51578
-36783
96653
-28816
16080
21785
-62449
-58784
79903
13166
94042
89166
47413
83796
12708
-84466
-35184
-51150
-80386
-95727
46406
-58795
59900
-83239
52626
-48613
-4098
66849
7982
98071
-46055
3358
-20088
-14010
-38259
5047
77706
26403
24430
-92761
28899
-20857
-68767
-35138
59691
13687
-96024
71651
-70820
33376
69180
65846
-72409
59984
1700
56119
77224
38906
-49797
-60603
94964
41295
-77526
-40430
-64585
-87459
87722
-48327
-85866
-5599
-93536
81694
-45764
14452
-19639
-83829
57104
-47010
87036
-53053
28677
70481
-40334
-405
86547
82725
-87224
-71232
-39567
-84960
-90058
60002
-26803
62190
64814
65746
44541
-23942
-79715
82960
17664
-57326
-62896
-14144
17223
92931
-30239
5443
61134
81409
58806
45929
-53853
54091
-69000
-74657
-1128
13155
-18182
-85616
88103
-71785
65967
2745
-63500
30536
45348
76243
-47183
-78836
71077
15854
-17946
-91906
67882
-89106
87301
4881
96288
-45337
37542
-22101
62589
25858
83596
-70962
3548
5566
-48281
-69050
-89763
52597
-6257
-32064
-92619
14074
-13159
95336
-65398
-3516
86766
-32706
-34720
-81639
26028
-56312
60924
69198
-50215
-6705
-34504
-11249
-65016
-1748
-84028
73062
45821
51915
10182
-41165
78342
34674
-11303
30964
61805
19287
-65450
51065
41457
91707
-97409
58393
65247
-97758
26681
-69686
79615
-76269
-41757
-82519
43730
56090
-36944
-32774
-27734
-17368
24476
-90650
-45281
-9568
-58092
35895
-16907
52463
25500
-74777
-58608
79442
47433
-64367
73924
-89793
67302
10351
62468
-3191
9600
-51957
44372
4107
-83583
-76141
37569
-98200
-89416
-70189
41059
60675
-85495
-30405
34791
27367
37448
24370
56033
75782
-46277
-37991
68257
-29652
9714
-23265
69197
75649
-56387
42873
-50998
-5663
2771
6809
60629
98088
-69061
96229
86239
83100
-85630
-88415
-91795
35852
48337
60243
75128
-46663
-94971
-81997
-6593
-11932
6964
-39503
49120
-74019
4444
81239
-34663
-13966
-73999
79755
49901
-66551
93348
27221
-33008
-65179
90856
-1625
-38643
21596
60242
-99862
-40931
96418
-65420
31900
-10451
-45447
1046
77307
-48279
19240
-47016
54595
-11731
-41984
-32079
-13504
7884
-47575
-9850
-96188
17311
3656
84694
78033
34808
-92440
98491
-86264
-89386
96709
-46501
-432
65878
25877
64038
99096
91440
44198
38003
14895
-33739
-19633
44298
84343
-52043
-70931
-29943
-68312
23888
98229
43624
-32087
15168
-94238
74926
-25916
-84601
-13359
50486
-16883
-87489
-88945
-13143
74217
15691
-65902
-31352
-1
-75197
-73942
76243
-33511
98914
41439
33459
18410
-3688
60650
89884
-36149
-21665
-68442
61773
72685
-26623
-52473
-4135
52359
79502
-77354
-68825
51934
-71612
98404
61447
50124
4383
-5798
77064
70704
91784
33871
79096
13907
-18230
-17398
-86724
5327
80833
38262
14499
38912
43377
-55557
-3478
-17681
70057
-73606
86018
-89301
94498
-80194
64836
62844
76334
-47349
-32958
73964
95273
-70287
-32592
73806
-24340
37065
29298
-56503
66427
35966
-96291
58291
60522
92062
40011
29864
45981
-23913
37210
9175
-8821
97815
-13121
19190
80168
-84725
59647
21616
9906
-34343
-71333
20343
-54293
-50011
1691
73689
82342
-63217
-19138
98291
-99533
24723
72125
-69499
-62399
-86595
-59731
85302
54717
46248
51966
-19747
78411
-26818
-4627
23562
-39543
70785
28237
-63008
-24768
-74050
60979
37635
-39288
-67726
83783
-96556
-24926
24128
-78202
-21868
60869
91228
98205
60041
-41187
52077
-83831
98774
-19011
41374
87408
-95381
-68489
-74314
-98691
63572
-37321
-41937
-87202
-14530
-48246
-33192
49597
3437
-94123
20317
-45750
95081
-46658
-33378
83932
31104
-81461
-9886
351
35710
70222
19763
51523
38023
40696
-93582
-75220
25983
10247
81455
-69949
-83121
84614
69727
-43161
-4919
95377
13762
-79375
-75751
-4848
-30577
65627
-61822
98556
86523
33358
-41279
-14830
83127
-67178
52927
89147
62299
66235
82775
-21144
13179
14345
17088
19407
36148
-83642
-37060
74007
-50728
-45761
-12207
-5053
-87688
81471
79959
54419
-91025
-71547
25466
94945
-96391
-68471
-51765
52948
-12707
-15619
-4349
-67475
62052
72490
-38075
71753
66546
-3032
-3202
61007
97241
-24900
-28866
46062
33055
38254
53828
5972
-22561
-62299
57377
40148
-67223
-81601
72079
87920
-35873
86004
-75604
-73094
-72255
-14779
-60315
61317
-7102
48790
-87392
9480
-36089
-40358
62462
-83849
-51013
15334
-34568
-69288
-71018
67037
66976
-85320
6008
-53707
-76602
41184
42072
37760
90603
-71224
-89739
-14039
-23349
93832
-28584
-50064
-75584
95656
-38563
-98255
34873
-38665
-70684
-25192
-56052
-51554
18411
-57271
65304
62120
-64467
5405
-96737
-39684
-37175
12793
-21581
-83863
-72219
-53739
17793
97271
-20538
-13944
-28054
-78334
-98643
-32037
-66088
-78683
64297
51084
-77691
-13877
-48517
-43761
-46352
-79015
28956
91054
-93778
59732
76453
80313
-59556
69507
27928
-22429
85214
92186
-46242
82358
93492
49185
-50955
-94742
64507
-2560
-73850
-41112
-12569
-55978
3529
-3136
86726
94083
1740
-65099
-7768
88960
-17795
-18042
23243
76503
18033
55522
-36743
64789
-15482
13192
78919
2907
85326
90476
-73019
-7108
89349
60062
68071
-9157
71008
85118
-17705
-94029
30371
-78977
-87495
-34803
68788
87854
33101
90442
-2273
86005
-34487
-85981
51711
-52294
-9733
-42237
98679
34814
-81720
-1506
67951
99611
20098
14854
-602
-49591
-92074
72829
-90640
-92288
47985
69890
48121
-59497
-38180
-58433
-5956
-69835
-37993
-83854
83986
-70036
38498
-35626
75161
-54568
40385
-89979
62151
-2332
-28970
38648
-82380
-68540
29984
-52632
56523
91114
26441
1123
-57837
76254
-79196
-36515
11525
-92987
1546
-80782
-25639
-9697
-35166
97058
-22588
61618
121
50203
-42688
7743
96252
81039
36253
43729
21911
-64828
89694
-39655
8307
-6051
16613
-78821
-99278
-6255
15290
83238
-55917
-3668
67486
77400
-39456
-5036
41940
46440
-76834
86295
-66100
8717
49688
60515
-41345
88849
-53757
-53697
69146
-17783
-71486
69980
36645
75566
-60544
-30658
-50891
14917
18849
-53359
17558
-51189
-27321
37583
-51042
28044
-51477
-43289
94129
-97261
-76626
86519
67129
-17111
-78861
87564
88170
-86258
8561
-59463
66527
55716
8908
54575
-68056
-4011
-29841
78581
36052
51571
-13315
91465
55057
-44479
38449
37154
15281
-86844
-31714
-93398
13401
1638
24243
-90419
-88019
38289
77660
91444
14976
-8374
19819
-5932
-65496
-60717
92583
-58039
31267
45922
18737
-15461
-15532
49375
-3462
-80151
-77384
47542
33645
-80609
74157
80484
-77672
-14187
-94406
-19476
-64749
82417
-74750
23695
-87030
-47312
30613
75686
-35678
97564
-63610
61666
76749
37993
-7636
1319
-20466
-64268
1911
51436
36356
20220
-40514
-72535
66133
26203
-73078
-60672
2995
-13222
36115
51670
88279
-37232
-18168
-5149
2602
-83231
-91803
-3447
77659
-15738
-11424
-77004
-94519
81439
-16710
54111
-42158
85434
-23151
-15449
286
38991
66119
-54516
-41260
42672
-58011
63366
-6867
78387
-20370
37629
-63905
-60462
-21051
60987
-55534
89900
5489
83326
-64308
2677
63709
85404
-29346
92326
79115
5359
-69548
34261
-21247
94944
-5367
-72256
26446
81880
-39453
87597
72138
13301
47671
-77812
-15309
11497
96949
55449
-55546
63529
44796
-52628
-34489
-89065
-19049
48406
-90998
-15077
-6304
-29237
-75407
-21292
-45563
82263
12308
88606
52320
32796
-41616
95460
-73082
-93171
-98749
-13856
-70502
86677
8923
-64750
42849
28136
38338
-69916
80723
76458
36039
71237
-7361
-86598
-37468
47013
-19536
-23033
-11396
83965
-2658
98114
-36697
-19445
-20619
-99255
83498
-97167
61974
-14827
80466
98000
-49135
-20571
74634
81132
33251
-72039
26654
18748
-88998
-34195
48579
-68663
-6711
97062
73192
-21259
35404
-16157
-65402
20538
-92384
-84678
13568
-46748
-41689
79315
93106
-69406
52619
-89359
80179
-55131
1794
24874
-11535
70872
76934
27402
-26581
-21093
-24853
-66911
16170
28027
75694
18173
57432
62055
-25215
80231
72802
-65574
98001
49569
46294
86139
-49812
19640
-56588
-38432
-51486
-54363
-95299
57829
-15938
-20038
-50231
12605
-83612
-36497
55377
-1762
14826
10944
-23690
-66490
-44695
-22221
39326
81171
-38087
-84245
13666
38910
61308
8441
-25101
-88776
-56760
16456
-3823
-62185
3332
-83181
85805
27499
55832
19743
99476
45356
-50702
63764
-54082
94053
68527
-17575
-47078
35718
64822
52663
-90612
-84019
-29446
6886
50779
-78076
94430
-92649
-19693
-64240
-2992
-2092
88653
-4064
-94890
36614
30002
99909
45391
-39067
65680
-92939
-53199
-44365
-518
-27891
-81109
-3283
-8496
-53732
81464
91358
-69260
-71259
67125
-13635
-90800
-48960
-40871
46907
67446
22931
-67931
-87506
46289
-49076
78
-7369
-52840
26974
70285
13828
58574
-33059
77599
-84704
-49878
-37894
-54112
7552
42833
17297
42383
-25988
-77585
27258
-64203
84226
25216
81594
-6749
-98037
-78844
9210
40158
82894
80799
9100
68628
11812
-18162
91752
75055
53005
-49323
-99642
-62033
-43292
86205
-74283
57592
-93706
-8717
-57757
-69010
-16652
-28486
-59133
-93059
40374
71372
24654
-13737
13513
-16737
68566
-55056
61570
40532
90762
-94113
-89845
61212
-34900
73752
-51798
-50028
68496
88460
67141
-35785
14415
61709
-30309
-42270
43012
-14410
84270
-40829
75729
55956
-28348
54631
-29160
58337
-81196
-5077
-78440
36799
46084
-59066
3897
2103
-22273
28085
-72120
-87426
68539
-94461
6534
-2620
69048
-54013
-96041
66022
-8348
49478
-79036
-39769
-41355
37720
-29395
74417
11649
66869
83276
-46090
43701
-56943
41185
-59380
-47507
74935
-1028
-77174
50065
-53021
-38184
-66077
-69003
64373
-49452
-27096
19582
-98428
-99970
59732
40916
-10063
-51162
23786
-60697
23158
73205
78528
-78213
-66270
40468
22885
-17560
-70395
-41348
93746
63234
-47818
-52879
-70532
-91339
72560
63968
88514
96148
-99968
-37028
-85568
-45117
-12364
-86658
82198
18234
29601
53683
-2318
90361
32476
-55893
1681
-93276
12954
-37486
30564
2822
-35288
96182
-74311
54265
12879
10348
-89045
-37958
-66148
7285
-8552
67321
16621
-90873
-23774
-52533
35286
67750
16423
72420
93805
-32717
92301
-96277
90500
-1183
17604
73515
-41890
-87367
-97221
13165
-60256
26230
64050
2489
-44659
-85422
97192
12802
51807
20408
-9238
-72389
7860
-1565
34750
-70121
34726
-46402
62917
-27856
4100
-27223
-6799
-34589
-26561
70977
-56746
4454
-66635
-71427
79965
-22657
-49542
19113
-49067
-39983
-76010
2129
78816
28202
-72490
59993
8191
25135
-31365
6629
-87327
-13008
-25394
72127
79111
32318
13029
-59672
32620
67491
28240
-93916
-46057
15482
8596
-36773
-67514
66460
71595
-71937
-63223
-89730
-16286
81701
68951
5752
-15761
90089
66571
48341
-17963
-7476
-6643
-3269
-71
-3637
9519
-65937
-50600
42503
45641
17427
-45985
-18289
-23567
1897
-46916
-30260
77841
-65021
38451
-42078
1224
19731
45939
55731
84171
-68352
-33549
-74401
74175
-55546
-88431
-92124
-44925
12388
33400
49173
-66398
89906
-93574
21818
-12270
-60123
18985
-66444
86634
10323
-10159
-58136
17964
-50457
74303
14217
-80199
-38517
-16791
-15379
-44211
68035
-66254
-26321
-27389
92192
35060
-64947
54129
75624
42647
71875
16633
-59537
-79765
-37486
85266
-83780
56965
82535
16726
4678
-42414
-33361
-78755
6505
-46575
57523
-98257
-69831
97210
69208
-241
-16432
-65498
42889
29037
-32270
58540
28595
30399
-64963
88257
-48272
46879
4221
-73974
-73689
-87021
-40654
-41238
68523
-27771
-60199
92076
-60680
-90438
-42245
-54303
35138
16205
-85869
-98424
-74720
-66119
39664
-35201
37580
891
-81566
7230
96636
72366
-69029
60610
-51041
-76421
32627
2956
-86112
44252
57588
-63496
98369
-47639
-62139
78830
-14844
99716
-26141
97804
-52806
58901
-5964
-14434
67899
-99719
-27891
-50526
-87587
-58013
-78706
-20676
1843
-28074
23725
-88924
55836
27554
97457
-77854
7936
-85914
88172
-6342
-29974
58118
57565
-83763
80461
45683
28335
67471
-24129
-85439
27830
61440
91223
59222
-41059
75194
-89480
-68894
57979
37288
-29499
-74201
-72507
-90858
43802
-42716
9799
-67265
58478
-38194
91118
-56707
-67852
4904
81919
25797
940
16814
-32204
-36750
28997
71113
59412
-29452
-67131
80942
43980
-12038
-76678
73045
-45348
-32003
85312
-16921
-26259
97987
-46135
-17574
-68130
-1514
72188
69972
24008
-75374
-6573
83810
42171
86335
-37681
43363
-98879
-82772
-91922
62130
52377
92664
65209
-94697
62613
78985
57581
74402
92446
-46107
89458
-40006
-10379
74987
77037
20141
-94065
-31818
80180
48493
6773
87095
75836
-42195
17775
57070
77401
-73982
-33758
5466
15194
54969
28526
-18242
-72857
45582
-18108
-7758
93600
72782
-55128
87521
26074
65160
96539
-59698
90682
-46259
-42723
-63217
69085
75405
51417
70377
47145
94646
-8799
-99389
59655
-47143
-94176
31826
21973
46507
75552
47052
67004
-34300
33901
-13146
-24706
97850
-85272
-78461
51951
-5197
23878
-20682
-22582
-81579
-48085
5025
-70043
7461
-72516
-31743
-73214
62112
65331
8792
-25020
-90287
-87181
93448
18848
64746
87204
65879
14597
-12787
43452
72626
76768
-5372
52820
-37001
-61116
60395
-61791
31723
88519
82576
-68849
-36956
66092
-73424
-42653
12840
-23250
13845
17854
34583
9521
-33717
66477
57915
-10036
-31688
88074
-32446
-17154
-88851
-5216
-90827
-10968
-35053
-42537
-41195
89656
61092
1971
-85311
-71372
55294
-6158
28938
-97163
-13416
97114
-39408
25926
46569
12789
-6727
88531
-97953
21621
-80779
-49921
31907
14513
84607
71980
-48096
2482
-97792
44600
93021
-43962
61026
-62951
62377
51805
63385
-98551
-16860
62254
-21261
93662
37189
-94170
-36844
40576
93938
-52392
46742
95644
-66338
-44274
99956
76659
19474
-58889
-84103
-72599
98540
-69040
-85056
-12326
77894
-19748
-22159
83145
75075
-90922
26407
77147
72451
42568
-13366
15798
-32140
5335
381
-13345
-37297
-42682
-55805
61144
-83881
49030
-9712
-70980
-31365
54243
-11023
-57435
92855
-13797
-63783
55500
-6595
-35722
-67352
-34332
-31796
-98934
196
-17995
-46537
-88839
61229
94103
-60916
-73107
-87018
-80760
20183
23135
-2545
26896
-88816
53744
-32963
59526
50934
-45282
-93454
-81180
-92537
4607
42113
-22292
1030
68130
-25841
-87681
-82508
-46100
-90592
-33466
-51706
-68303
59054
-76784
86872
12819
37069
19428
34753
84354
-36556
-13519
58365
94808
-53156
-78811
-26845
34972
-70701
-61487
-54297
-95972
26953
28906
-56863
27237
-90972
-43238
-24330
-82810
1514
56839
-30745
58026
-98759
-82934
-37570
-45844
92267
95546
-79394
97007
52841
-44388
69245
18315
-69675
-77058
21351
97696
-24589
-66384
5037
24795
-87810
81426
94400
-63743
-78185
-51902
-67346
64288
-98017
-24788
28714
99813
41255
-1598
-933
27932
-30481
-32141
559
-92043
29273
-33760
-19718
92698
25822
91525
73419
46246
-47947
-44145
-54806
48680
91707
61447
38626
-39724
88589
-82398
38225
93476
-80304
32508
-30751
80890
-2494
6243
10381
68097
68290
66580
-75362
-42774
-32620
62410
-37908
54606
66209
-86287
-38653
-92522
-17933
91713
76110
-49545
-37455
48406
-53836
10082
-21478
-24100
38259
5510
53717
73212
-49007
76895
94866
5743
-65069
-91388
-73924
-61623
-39946
49844
-23855
26055
584
60366
85717
-39630
-87761
-43277
83489
-73721
80281
-62231
-24095
16647
55998
-25281
683
2759
52284
69254
59198
-29813
-40113
-1327
26345
19610
-39136
75372
88564
31523
-55972
-23610
21031
5260
28561
-35176
-41247
-71831
21747
-91064
-10494
80845
90948
18762
61505
6912
72023
-39875
-78571
55238
-2825
-73515
46646
-18968
-35456
-93804
60741
-55623
1706
69899
48901
-63008
51950
76306
-80531
77215
-3476
15898
33694
61822
2801
-38029
42957
9527
53824
30060
-89550
-64302
3266
-98808
-14290
28796
-19920
96244
-97841
50486
-12185
-61085
35016
69031
19794
-29259
-93475
22463
-84655
-97764
-78230
-96552
43715
25329
-82937
49198
83705
-23824
75942
91059
-67427
-97025
39829
16045
-50899
-37894
16417
23570
-47744
-89150
46508
23296
-31170
-55562
-44966
-26756
53749
-40434
34798
56300
-56447
-45896
13173
-34403
-3662
-20434
76200
37626
91272
-71195
-82902
-75125
93307
79634
66283
-76395
53190
73518
-67671
-27494
-69197
5724
75567
-75743
-14611
-47774
72044
51706
-88707
71050
86970
20105
-3711
13382
-29051
6826
11397
-15124
-62075
27710
43431
-4694
86804
22683
-92491
84813
-62193
67349
14357
-48600
-28039
52486
-64928
-45098
-782
-53747
19521
55489
-9230
33167
80058
-33773
51419
67234
27221
-90492
-94261
-13039
30117
-57328
-45741
38668
-17399
-88758
-59279
-92159
-47790
-16994
34084
-61293
83024
-54971
31738
-62515
-6718
76804
-93499
2713
-70594
43992
-60803
85429
-14453
35999
50522
-10851
5949
-15321
92810
-12895
14567
33539
-82526
-43962
-77669
36184
-85575
-72636
-99109
-84316
1901
60614
-1097
-21344
-72059
-21488
-16084
25532
47710
-58026
36427
-43483
28229
35407
-22007
73593
-36169
70407
55730
90469
27099
53073
72234
-9806
-90628
-97595
-52131
-61814
-61086
46546
-76562
-54821
2898
86720
-7733
4370
-48395
-48170
20506
63440
18768
-66322
-10230
96936
51476
-49531
-54963
-38071
76167
14843
5381
34899
-99248
68747
86210
87630
67547
-59541
-19846
-95562
55983
39653
-60488
65493
69313
-87647
-64206
75344
96089
-17642
6542
14073
-32788
-12617
38927
89235
-26317
69003
-26166
18565
7258
16583
5790
-43761
-86874
8130
-38519
-10705
75095
-744
8888
87734
-30611
20960
17441
-13249
91512
92126
-2568
-20500
-27459
-67655
98057
-40677
-44769
92755
-27465
-29275
27537
-83914
50003
51381
14837
-79243
50138
-32760
38726
-59448
11790
-52464
-25703
-56520
42265
42519
44671
49946
65746
95484
52182
98560
-41234
-79294
-52958
-67755
92234
-20620
-24188
-43915
55449
10644
-57758
-98225
-24202
-76712
-70118
54800
-38255
-21846
-2972
48409
-48416
75834
-75854
-25369
1537
66183
88071
57905
65209
35387
-21725
-85546
83239
-60562
68406
14994
20361
-79394
35021
-12756
22088
1162
-13146
77869
80774
27071
-90228
-68040
-22124
-89780
-12258
46462
-91954
46688
29159
-71936
68914
-68907
-37769
29577
77209
20976
58427
60614
-25099
-53409
-96353
-92529
-24539
-70283
-13262
76282
-98435
-72237
-35849
-27895
-97781
22467
30054
-51810
56614
430
45006
36621
-33120
-97397
-10892
22008
53288
28021
67929
-54782
29066
-12112
-52478
-82734
86217
-64058
83088
-43927
-76886
-96493
19471
96469
-6774
-14973
74547
-78603
36547
-58350
73459
-48293
45764
47399
-19980
-27691
-25336
64541
-19113
-85775
-42650
-2467
38575
49967
-35832
-52455
-83479
83318
-85796
9931
39845
61893
80869
35078
68012
-32473
-69065
-3903
5368
22204
-44668
-86986
78042
4488
86833
39251
-10173
-20702
62392
-14577
10111
-31460
97913
-88795
-38810
-15686
52089
16368
-53499
82771
-18579
36677
58186
-71682
42932
-14132
-38741
72287
66974
75113
41341
-93570
68972
71214
-59473
-60485
-6683
97474
39075
94301
26071
-74240
83883
84236
-84428
39313
-58024
-92940
32457
-57139
88471
30627
19898
49263
-76100
69731
14139
-66846
67819
11721
-46541
69541
-8148
7871
99597
-63012
-20888
20318
-10656
11198
-3785
40112
3927
-85044
-7615
66854
-1961
-91237
-14329
-87084
80282
41063
-4167
-52850
24341
26610
70077
86713
68750
96025
-94053
-95179
-73582
47053
45826
-94032
16881
59362
79366
55371
82129
-33094
1000
93711
-38695
-90304
31352
-3821
-83992
-93762
93567
27666
14118
-13692
63337
97958
57911
6562
-4901
-698
31408
-14915
19953
4658
40995
-16835
-77286
67181
-77752
12467
13889
-73308
-59133
88210
48860
26801
22256
22334
60722
-97481
34904
59020
-6896
-38075
-27097
69138
-3241
-46819
79166
39472
-33567
-23975
-75184
11109
45356
-95511
12496
-52592
34364
22717
-88616
-72621
37258
40177
-25546
98088
83419
-56492
-50425
-35811
88786
22802
38892
-35939
-841
-85769
64663
63876
-82987
77210
56347
-37236
7242
-29846
-35144
90345
-25095
-7791
88417
-33458
26175
-18194
-14971
20471
-59960
-1344
-83318
-77808
88989
21212
-82810
31817
-34573
90150
47444
94301
46007
23368
64528
13099
21047
18573
42777
-85580
84652
38194
-22635
-32547
-88420
-98960
296
72203
904
-64633
-8494
-48565
-45869
-58041
30208
-69251
-37205
-57684
-48111
71312
-21844
-87729
-88468
43815
40507
-58266
60215
10603
67695
40222
58388
29399
30788
-74240
43222
76258
76331
77902
-98883
29983
-10560
-75673
93198
-54263
53732
2241
83970
-81480
40616
95036
-5437
85856
5973
97561
71538
-35449
-17741
81633
39681
82787
19266
-87534
-10182
-63292
60793
77124
21530
-79931
53946
167
42994
-54982
26925
12247
-97583
-54787
-69361
-33527
-15081
-9243
-13509
28198
97379
58165
88475
-93632
-46301
92066
65810
-24532
-36923
-63770
-31795
-83060
-8958
75587
33978
-90773
21761
89533
-7336
30586
32243
65943
-44456
8587
13138
25039
41616
-54798
-70798
-2002
77068
97357
57597
-31685
-27727
8375
-3896
-86726
25730
-10136
26944
-48252
19972
46915
-18070
-49147
-6087
57408
73540
-86134
-40547
67734
87317
5978
-75533
-62932
-25919
-14814
99225
6620
39010
97086
-5170
-52479
-28954
-199
-36698
-99637
-42563
7660
34904
-99832
-84923
29254
34399
6439
-52700
95372
962
-30879
31936
70059
-73840
-45473
1992
-4324
-21074
-4293
65568
-34104
64863
-63117
15284
-80588
57724
-63224
-18387
31379
73728
-46918
-66106
85781
-15277
44149
-38174
-35245
-85885
-6904
-47061
70011
82384
46337
70870
-47056
-99015
43108
-2640
42974
-81194
46167
80678
-31147
66970
-26712
-334
13836
7718
74610
45293
71300
83857
-60515
-1942
63797
-94070
-93667
-87067
72212
-22378
-32596
92169
-96764
93340
89525
14029
-24748
15763
-13897
28195
-55872
-69998
-87244
94826
-71307
44531
-53348
-83953
-69162
-75636
-29278
52151
-74546
4486
-70499
-19221
54213
35994
21687
-43028
-73222
66538
-8622
43588
-82707
30817
53310
-43635
85582
-96806
-10397
9656
95958
-13500
-333
412
-88297
-31401
-70884
28005
-14333
5575
-63036
-94448
-41586
-23005
-80436
-6575
-32402
19825
-98804
49955
22551
-95846
-66992
59665
-54186
34857
26684
88608
12280
80243
61609
-61910
-20310
21206
-53420
-85839
-15378
74702
68956
-40191
38708
93129
31171
50714
-72273
-86120
29202
-10752
6627
90289
58858
28936
55333
-15414
-92880
70149
-1732
-14335
97613
95480
-19803
69747
69733
4739
86868
1006
-52886
-30315
-36786
18470
-1802
-7714
55346
-48703
-25702
-9411
99740
38111
-70869
-69521
90164
86868
2273
-51127
91511
-97438
-67317
-44594
-75744
-63671
-1139
7616
40625
-22604
-15869
36220
-73017
33381
-51919
8764
47489
42429
75040
68310
15467
-73718
52575
-90632
-980
49442
27081
86265
-14232
-68954
-85961
77606
-43741
-21990
44595
-53575
-9069
12972
-82468
63242
-95075
-89815
47239
-52153
-18761
22811
-47622
61629
5777
-7665
-76271
7409
-7881
-45677
69795
65369
76271
-16900
-45061
-79369
43187
-45897
-24880
56205
22270
-429
-74272
51475
-64674
20583
-2139
87145
45135
-47792
66971
-78946
50071
52940
-56377
18178
-59526
-94757
7811
-63758
-80745
-50516
20023
-41186
86182
85759
-65940
-18854
59076
34168
-82394
-4129
-22165
40646
-51007
-70908
12206
39490
-61528
83579
-60127
6388
57075
-27515
-43225
27519
-49245
-3676
-9323
-86749
-89471
-45233
-77784
88035
92976
-80662
-55093
-95546
64276
82753
-57726
59387
-1064
70667
-10367
45712
251
91924
-46899
-10649
23783
-47148
34046
9125
-76291
-86903
-40131
58033
-6605
23334
-42628
-80125
-56395
45980
-11891
46754
-12530
42693
-9674
33526
-56844
31216
16661
-59065
97131
61036
-34180
-84235
65117
-11833
37079
70156
-42631
34757
-99553
-26803
-43097
2240
-99767
-57978
-16624
-30441
-45400
89894
97096
-53054
-72351
3698
79207
-66864
35703
9097
1004
-70999
-8094
-23625
-23768
-69111
24209
-77269
-77162
-87895
-89806
50825
91000
-21969
29964
48208
-26604
-17583
-27286
-81038
737
4509
-63893
33525
-76588
63847
-57846
26851
15612
-25214
-70807
-16168
72284
48728
32778
64641
32121
8195
92937
-7632
7894
23664
14146
10082
5968
26721
17724
-58395
-3294
94379
50386
35798
-98198
-16016
-82604
-95650
92790
86472
-94903
14813
-87109
-13795
-28692
-28636
76767
4
11884
91028
-99348
23286
62333
-57644
-68524
-14258
-9856
1773
-40480
-93506
-96135
71446
77749
-1268
-46142
-40888
44424
-94061
-22940
96403
51438
16481
-23216
-31851
36250
-26920
-57743
59916
24401
62334
71592
50206
-7346
-43192
-24462
16643
6571
59140
-8328
66654
91644
-76289
-57918
-76464
91263
16302
-66926
-69294
-17896
88512
-84740
-38437