341 447
1134 1179
251 378
1339 1434
1067 1360
292 374
293 583
1307 1379
1074 1207
144 176
1377 1412
993 1025
682 749
357 620
239 619
318 507
94 170
587 742
1320 1370
491 572
713 815
449 751
983 1137
697 753
52 255
659 805
589 714
98 111
894 1268
785 797
276 613
159 398
633 850
1184 1268
1155 1381
37 136
957 1032
1389 1416
769 942
749 918
93 192
1292 1435
914 1095
1109 1214
527 683
388 791
637 708
150 179
997 1126
989 1093
343 377
734 790
1242 1376
522 787
958 1143
53 147
51 166
412 423
75 101
669 891
1255 1384
803 844
586 821
225 348
615 709
212 258
1195 1227
347 696
526 709
331 849
1068 1275
1197 1391
1095 1145
404 694
44 73
43 67
479 612
710 900
700 725
639 759
1302 1375
1294 1436
291 311
160 198
969 1275
249 360
127 225
277 465
764 794
1336 1350
428 584
1055 1111
653 847
1173 1241
468 611
1019 1316
597 635
326 524
1346 1419
962 1069
685 1141
254 512
1046 1070
768 874
1017 1076
1283 1303
1269 1290
78 634
1082 1229
1240 1393
356 614
1197 1314
1094 1261
1257 1385
515 630
467 520
529 557
968 1121
704 837
92 105
699 877
353 657
243 380
299 814
751 832
748 1114
336 364
429 591
1046 1120
2 391
948 1144
972 1028
932 1249
422 715
605 734
528 597
527 603
1331 1368
153 184
990 1010
578 898
951 1138
403 487
460 565
206 256
1131 1164
543 689
698 752
1053 1166
1287 1385
619 683
84 264
1117 1128
300 664
103 328
1316 1407
255 489
326 371
544 576
1154 1217
40 255
390 440
918 1055
226 455
482 504
574 619
767 1224
1005 1082
982 1254
418 482
49 63
580 899
64 399
608 859
375 500
927 1097
243 268
982 1355
135 147
415 526
90 195
34 174
138 276
180 332
766 1173
504 629
230 772
477 609
1243 1266
1325 1348
1158 1278
354 471
1044 1123
485 595
1250 1411
367 763
722 897
69 331
222 242
923 1057
1336 1413
618 750
196 440
667 797
1199 1261
461 785
864 1225
909 1405
303 332
634 674
1005 1100
307 663
1147 1339
1068 1133
802 842
221 387
84 326
755 1104
95 336
752 861
1004 1042
507 643
1034 1103
1037 1099
940 1206
193 286
1057 1360
1222 1332
147 266
463 565
1376 1434
53 109
904 1117
84 123
148 296
1293 1345
625 736
231 305
923 1218
652 827
1369 1398
1250 1336
345 364
1074 1380
194 269
1162 1216
294 693
890 1062
1360 1392
253 342
657 668
1241 1422
882 1050
488 540
974 1127
1001 1048
536 822
1051 1076
1083 1331
91 133
15 26
86 538
710 1016
56 126
890 1091
339 390
523 933
702 1045
863 920
314 704
1027 1043
820 870
64 112
1016 1206
226 281
1385 1407
1302 1363
1207 1385
392 497
1167 1218
120 246
605 778
803 813
882 1266
970 1044
869 944
629 821
553 831
27 132
810 861
162 608
643 713
498 598
902 935
133 502
332 372
223 273
1338 1371
379 649
701 872
982 1047
990 1106
144 281
1272 1295
1030 1308
965 1028
410 556
1360 1439
279 442
1021 1434
662 854
246 723
467 738
76 570
284 319
281 320
700 736
1208 1377
942 1172
475 759
804 945
1261 1438
692 912
322 439
660 824
268 343
815 853
610 677
507 1073
1176 1389
1020 1147
1366 1382
417 678
309 520
35 138
112 136
195 320
92 150
951 993
1231 1366
191 325
481 698
255 409
1129 1265
1206 1381
1063 1352
262 366
107 417
1161 1311
811 970
978 1041
440 870
913 1130
437 661
625 800
1193 1322
999 1010
715 1041
728 758
1101 1270
1364 1388
677 911
187 728
1122 1293
388 478
387 508
1253 1343
1073 1086
966 1072
175 216
1300 1354
106 398
710 767
873 975
170 203
623 736
995 1021
1365 1406
92 119
667 1072
1124 1153
1162 1252
1322 1356
242 615
180 190
969 1202
573 812
765 834
1345 1404
297 596
6 323
245 301
503 536
1109 1420
1104 1129
1199 1302
366 457
962 988
781 803
1166 1206
443 677
805 1006
29 86
906 1156
867 939
610 858
627 696
738 775
308 348
988 1418
686 804
633 647
522 784
1188 1415
1271 1399
954 971
316 663
949 1083
19 241
93 103
1175 1192
99 140
908 940
760 793
1263 1436
1095 1297
176 421
425 482
1183 1254
815 988
601 1016
406 565
156 213
1024 1424
1172 1207
1382 1428
339 477
1084 1266
1137 1151
325 356
1009 1190
1268 1401
896 936
1067 1314
374 451
231 285
658 988
626 979
1049 1145
819 1162
687 993
915 998
445 456
1028 1085
907 1021
499 550
278 635
308 366
525 707
1221 1276
56 356
888 1072
218 370
974 1058
0 121
1280 1328
606 1116
1050 1091
961 982
848 860
233 420
1244 1302
1225 1256
214 254
709 1187
307 388
1332 1399
1049 1272
672 835
895 933
479 567
649 899
256 455
140 244
628 1079
708 1126
62 257
