8671
5565
525
7942
2701
2739
3039
928
8398
3307
3657
7076
6703
2476
2744
4483
2177
3947
7865
9099
9917
3513
4451
5878
7657
7686
7580
2121
1984
5235
1784
882
7866
1698
272
3089
7876
1478
5668
2253
7875
7739
9314
2311
4952
2178
2631
4498
7862
9601
8576
9751
3450
5646
7706
2069
9585
6041
7994
3857
2940
2676
640
9663
7314
1926
7974
7044
9336
8776
8897
3601
4177
9179
1663
3102
7167
1554
720
9542
3423
4866
2353
9509
9548
5864
9980
8693
5396
9877
6488
6735
1535
8863
3243
2653
4562
4145
5501
6225
7463
4730
8469
3886
7974
8652
8374
5827
1263
7902
3931
2837
1374
8231
7739
2806
6469
1663
5819
3410
4655
5162
7321
5113
3559
2626
7913
3869
3239
6198
4764
2299
8305
2320
244
4591
9655
5778
6747
5443
7190
6584
1797
9698
8099
9913
1618
2172
8320
412
2256
8818
1613
7595
4752
8300
9805
3747
5795
4353
1553
5942
3940
1440
1240
8445
9917
7739
2670
8180
2254
205
5493
4949
2734
1640
4239
6286
2198
8687
3865
9224
3553
6062
6701
1448
4326
8328
4144
4243
3081
5634
428
7400
6499
994
2890
3220
3852
2000
2291
781
797
1882
8590
8890
328
1224
7843
7379
8619
2043
7972
8692
3383
2531
6386
976
8555
4016
4066
1569
9501
1308
1026
4208
3775
1878
5459
3250
6985
7290
8833
8733
5955
335
6923
8700
6210
4608
8748
1309
273
8758
9277
6786
6970
4004
5120
7916
3531
8847
4493
5792
7367
8585
4871
4969
5232
3657
4704
9024
7809
9976
1187
4342
2148
8303
2235
7540
9084
4847
2492
6239
4725
2670
8120
3070
1397
2795
1521
9365
5897
3304
9219
5134
6588
351
8907
6104
1578
6817
6318
1345
9065
9996
2310
9080
1523
3471
4397
1835
8571
812
3901
5449
3688
3649
2185
7622
8436
6143
9635
8819
2106
8927
911
8993
2592
5848
8371
7886
309
9289
719
8635
7188
4167
7189
2579
838
4640
9183
2151
2430
4865
9749
9635
6071
4582
8382
7213
4548
251
9573
9664
2648
3874
1601
4405
6249
9503
2132
8778
2678
7441
1305
9517
7080
3068
2322
6440
9579
2412
7756
5000
626
8363
4521
3205
9776
8241
1979
1654
861
1013
7525
2620
9483
1216
4799
2102
452
8656
7473
9313
2603
7466
1360
9694
5537
5919
5230
8072
1125
8674
9506
1996
1286
8925
4233
3880
7975
8506
1468
5407
8534
7709
6342
999
1588
9190
7272
2900
614
2962
5782
6155
6405
5065
2978
4487
6071
1168
1681
8792
5883
5860
7435
2298
1127
4782
2050
2303
402
7770
9031
7561
3961
4128
8377
2126
5422
5433
3593
5632
3171
589
2986
323
3569
8305
2663
2646
2846
1812
2434
8354
4029
8732
8949
2370
3358
295
6329
1921
7698
7803
789
7298
3470
1417
7357
4119
2983
5508
6095
5698
5433
9752
2804
5949
6911
4976
4969
248
8107
7946
4180
6425
4570
7586
319
4597
4591
8780
6789
9984
1580
9640
9280
481
5500
5906
5624
5267
3710
8603
1360
3555
8837
1522
8103
7690
4659
8339
2871
966
8832
275
2526
710
832
629
1932
2093
775
5181
3962
7558
2297
4202
2594
7057
3141
4546
1671
8629
4651
2787
4901
1847
6255
6346
2114
1245
5292
6056
281
4708
8238
7075
5759
2488
8797
1617
3457
3498
1676
1171
4178
4674
2108
7071
389
1234
1025
9048
9510
7829
1833
512
4825
2733
7388
1918
3399
6962
7737
5836
1574
4558
2615
9430
3652
8122
3747
5603
242
7795
7455
5389
3797
8406
8338
5093
935
4224
8606
1374
8017
4706
6035
4591
3405
9758
1278
2469
6477
1890
6953
9388
6060
5066
720
3016
4736
7053
3494
4906
2051
6545
9903
6143
7912
2919
8976
1370
5687
4942
5898
6178
1970
9366
3710
6753
2390
7988
4672
4766
4649
6449
1890
5225
8456
1943
2310
262
4920
1137
9582
917
1213
7657
2931
2278
2959
471
2719
7710
3885
7345
9264
3813
6031
6271
8589
4499
2118
9095
5384
2213
4777
2798
578
3835
7380
4708
1829
3468
5635
7499
515
1851
6026
5581
1926
5075
8902
7906
1764
9024
7404
8784
6024
1752
6231
9401
1838
1730
5727
8547
9513
339
1899
7985
4351
1425
3149
4594
1990
8248
5057
8273
9068
984
9353
7070
8573
3316
9106
915
8917
6210
1952
7799
4324
7427
5364
5395
7856
1636
8235
4955
1059
9630
6837
8273
5099
4092
2186
5276
3530
8624
6665
9303
7139
3456
6350
4452
6067
1399
1819
9220
7336
1519
2715
6000
2596
8011
3520
4034
4680
5216
1147
6879
9273
9062
7719
1727
8384
8814
6715
6841
6147
8080
2857
3140
9758
8735
9008
1988
5462
6185
7562
2043
2104
7481
569
4658
4927
4093
1287
1506
8831
5628
4767
9092
5175
6531
4294
2322
4283
7571
1905
2619
1818
2402
9137
4321
4381
6111
880
1521
3720
6154
3658
1053
7869
9975
783
2771
2689
7595
9392
5307
451
938
9439
2984
7377
7973
8472
579
1083
7186
6853
6213
1346
9101
5780
5970
9354
4348
5273
5079
9203
2182
4005
9421
1204
6681
9075
668
4908
5943
6961
5950
9182
8234
1842
6365
3237
9638
4382
1697
2811
3656
7446
5858
8760
1160
2450
3483
8934
1078
3513
8683
5359
2739
2245
8487
9914
4475
7845
6380
8111
4228
2423
1320
7992
9521
7801
8910
8602
4608
5466
9723
3686
9408
5352
861
4753
9355
8847
7322
5439
4016
7833
2350
1606
9763
4468
4471
5684
3394
3406
721
5536
7309
2073
5708
6478
5488
1808
512
8076
1398
1959
9863
6026
4630
8323
1524
3627
1683
2070
489
2694
5206
3749
2214
7161
801
4048
9083
8097
6349
3814
2662
4450
8317
1211
4583
9060
3194
614
9904
7092
7770
9475
6455
1638
6515
225
1602
1254
9274
6365
1699
6776
6764
6527
5939
1949
2592
9925
2934
4329
9047
1663
3879
6126
9357
6472
3008
7572
2497
3112
1021
5212
6404
8526
8850
7647
4279
7695
8306
3737
7977
